TRAJECTORY|sprint48-ahin-full-turn-v1|424262
SETUP_DECK|0|12,26,36,34,40,10,3,15,20,11,33,30,39,37,5,14,19,35,32,18,31,1,29,17,25,22,9,8,7,2,24,21,23,16,6,28,4,13,27,38
SETUP_DECK|1|66,58,48,42,56,67,57,43,44,45,54,53,50,49,69,46,64,51,55,63,61,52,59,65,62,60,47,41,70,68
SETUP_DECK|2|75,85,71,73,84,80,88,87,77,90,72,89,76,78,82,74,79,83,86,81
SETUP_NOBLES|5,7,9
START|d1484c77ea2c6553|S;2;0;0;0;0;B:4,4,4,4,4,5;M:12,26,36,34,66,58,48,42,75,85,71,73;D0:38,27,13,4,28,6,16,23,21,24,2,7,8,9,22,25,17,29,1,31,18,32,35,19,14,5,37,39,30,33,11,20,15,3,10,40;D1:68,70,41,47,60,62,65,59,52,61,63,55,51,64,46,69,49,50,53,54,45,44,43,57,67,56;D2:81,86,83,79,74,82,78,76,89,72,90,77,87,88,80,84;N:5,7,9;P0;T:0,0,0,0,0,0;B:0,0,0,0,0;S:0;O:;N:;R:;P1;T:0,0,0,0,0,0;B:0,0,0,0,0;S:0;O:;N:;R:;
TURN|0
ACTION|reserve_deck|0
ENDTURN|0|578b171fa8157460|S;2;1;1;0;0;B:4,4,4,4,4,4;M:12,26,36,34,66,58,48,42,75,85,71,73;D0:38,27,13,4,28,6,16,23,21,24,2,7,8,9,22,25,17,29,1,31,18,32,35,19,14,5,37,39,30,33,11,20,15,3,10;D1:68,70,41,47,60,62,65,59,52,61,63,55,51,64,46,69,49,50,53,54,45,44,43,57,67,56;D2:81,86,83,79,74,82,78,76,89,72,90,77,87,88,80,84;N:5,7,9;P0;T:0,0,0,0,0,1;B:0,0,0,0,0;S:0;O:;N:;R:40:0:0;P1;T:0,0,0,0,0,0;B:0,0,0,0,0;S:0;O:;N:;R:;
TURN|1
ACTION|take|0,1,1,1,0
ENDTURN|1|cbc943f3b9a62474|S;2;0;2;0;0;B:4,3,3,3,4,4;M:12,26,36,34,66,58,48,42,75,85,71,73;D0:38,27,13,4,28,6,16,23,21,24,2,7,8,9,22,25,17,29,1,31,18,32,35,19,14,5,37,39,30,33,11,20,15,3,10;D1:68,70,41,47,60,62,65,59,52,61,63,55,51,64,46,69,49,50,53,54,45,44,43,57,67,56;D2:81,86,83,79,74,82,78,76,89,72,90,77,87,88,80,84;N:5,7,9;P0;T:0,0,0,0,0,1;B:0,0,0,0,0;S:0;O:;N:;R:40:0:0;P1;T:0,1,1,1,0,0;B:0,0,0,0,0;S:0;O:;N:;R:;
TURN|2
ACTION|reserve_visible|0
ENDTURN|2|d419771d6911239c|S;2;1;3;0;0;B:4,3,3,3,4,3;M:10,26,36,34,66,58,48,42,75,85,71,73;D0:38,27,13,4,28,6,16,23,21,24,2,7,8,9,22,25,17,29,1,31,18,32,35,19,14,5,37,39,30,33,11,20,15,3;D1:68,70,41,47,60,62,65,59,52,61,63,55,51,64,46,69,49,50,53,54,45,44,43,57,67,56;D2:81,86,83,79,74,82,78,76,89,72,90,77,87,88,80,84;N:5,7,9;P0;T:0,0,0,0,0,2;B:0,0,0,0,0;S:0;O:;N:;R:40:0:0,12:0:1;P1;T:0,1,1,1,0,0;B:0,0,0,0,0;S:0;O:;N:;R:;
TURN|3
ACTION|take|1,0,0,1,1
ENDTURN|3|d20e37bc616faee2|S;2;0;4;0;0;B:3,3,3,2,3,3;M:10,26,36,34,66,58,48,42,75,85,71,73;D0:38,27,13,4,28,6,16,23,21,24,2,7,8,9,22,25,17,29,1,31,18,32,35,19,14,5,37,39,30,33,11,20,15,3;D1:68,70,41,47,60,62,65,59,52,61,63,55,51,64,46,69,49,50,53,54,45,44,43,57,67,56;D2:81,86,83,79,74,82,78,76,89,72,90,77,87,88,80,84;N:5,7,9;P0;T:0,0,0,0,0,2;B:0,0,0,0,0;S:0;O:;N:;R:40:0:0,12:0:1;P1;T:1,1,1,2,1,0;B:0,0,0,0,0;S:0;O:;N:;R:;
TURN|4
ACTION|take|1,0,1,1,0
ENDTURN|4|2459f321ef81e5b0|S;2;1;5;0;0;B:2,3,2,1,3,3;M:10,26,36,34,66,58,48,42,75,85,71,73;D0:38,27,13,4,28,6,16,23,21,24,2,7,8,9,22,25,17,29,1,31,18,32,35,19,14,5,37,39,30,33,11,20,15,3;D1:68,70,41,47,60,62,65,59,52,61,63,55,51,64,46,69,49,50,53,54,45,44,43,57,67,56;D2:81,86,83,79,74,82,78,76,89,72,90,77,87,88,80,84;N:5,7,9;P0;T:1,0,1,1,0,2;B:0,0,0,0,0;S:0;O:;N:;R:40:0:0,12:0:1;P1;T:1,1,1,2,1,0;B:0,0,0,0,0;S:0;O:;N:;R:;
TURN|5
ACTION|buy_visible|0
ACTION|pay|1,0,1,2,1
ENDTURN|5|999ba26f885f960c|S;2;0;6;0;0;B:3,3,3,3,4,3;M:3,26,36,34,66,58,48,42,75,85,71,73;D0:38,27,13,4,28,6,16,23,21,24,2,7,8,9,22,25,17,29,1,31,18,32,35,19,14,5,37,39,30,33,11,20,15;D1:68,70,41,47,60,62,65,59,52,61,63,55,51,64,46,69,49,50,53,54,45,44,43,57,67,56;D2:81,86,83,79,74,82,78,76,89,72,90,77,87,88,80,84;N:5,7,9;P0;T:1,0,1,1,0,2;B:0,0,0,0,0;S:0;O:;N:;R:40:0:0,12:0:1;P1;T:0,1,0,0,0,0;B:0,1,0,0,0;S:0;O:10;N:;R:;
TURN|6
ACTION|take|1,1,1,0,0
ENDTURN|6|78e99217576b5bac|S;2;1;7;0;0;B:2,2,2,3,4,3;M:3,26,36,34,66,58,48,42,75,85,71,73;D0:38,27,13,4,28,6,16,23,21,24,2,7,8,9,22,25,17,29,1,31,18,32,35,19,14,5,37,39,30,33,11,20,15;D1:68,70,41,47,60,62,65,59,52,61,63,55,51,64,46,69,49,50,53,54,45,44,43,57,67,56;D2:81,86,83,79,74,82,78,76,89,72,90,77,87,88,80,84;N:5,7,9;P0;T:2,1,2,1,0,2;B:0,0,0,0,0;S:0;O:;N:;R:40:0:0,12:0:1;P1;T:0,1,0,0,0,0;B:0,1,0,0,0;S:0;O:10;N:;R:;
TURN|7
ACTION|take|1,1,0,1,0
ENDTURN|7|ebaaa7492a8f83da|S;2;0;8;0;0;B:1,1,2,2,4,3;M:3,26,36,34,66,58,48,42,75,85,71,73;D0:38,27,13,4,28,6,16,23,21,24,2,7,8,9,22,25,17,29,1,31,18,32,35,19,14,5,37,39,30,33,11,20,15;D1:68,70,41,47,60,62,65,59,52,61,63,55,51,64,46,69,49,50,53,54,45,44,43,57,67,56;D2:81,86,83,79,74,82,78,76,89,72,90,77,87,88,80,84;N:5,7,9;P0;T:2,1,2,1,0,2;B:0,0,0,0,0;S:0;O:;N:;R:40:0:0,12:0:1;P1;T:1,2,0,1,0,0;B:0,1,0,0,0;S:0;O:10;N:;R:;
TURN|8
ACTION|buy_visible|0
ACTION|pay|2,1,0,1,0
ENDTURN|8|ba35c6e69bf4fc44|S;2;1;9;0;0;B:3,2,2,3,4,4;M:15,26,36,34,66,58,48,42,75,85,71,73;D0:38,27,13,4,28,6,16,23,21,24,2,7,8,9,22,25,17,29,1,31,18,32,35,19,14,5,37,39,30,33,11,20;D1:68,70,41,47,60,62,65,59,52,61,63,55,51,64,46,69,49,50,53,54,45,44,43,57,67,56;D2:81,86,83,79,74,82,78,76,89,72,90,77,87,88,80,84;N:5,7,9;P0;T:0,0,2,0,0,1;B:0,0,0,0,1;S:0;O:3;N:;R:40:0:0,12:0:1;P1;T:1,2,0,1,0,0;B:0,1,0,0,0;S:0;O:10;N:;R:;
TURN|9
ACTION|take|0,0,0,0,2
ENDTURN|9|b47298879abe115c|S;2;0;10;0;0;B:3,2,2,3,2,4;M:15,26,36,34,66,58,48,42,75,85,71,73;D0:38,27,13,4,28,6,16,23,21,24,2,7,8,9,22,25,17,29,1,31,18,32,35,19,14,5,37,39,30,33,11,20;D1:68,70,41,47,60,62,65,59,52,61,63,55,51,64,46,69,49,50,53,54,45,44,43,57,67,56;D2:81,86,83,79,74,82,78,76,89,72,90,77,87,88,80,84;N:5,7,9;P0;T:0,0,2,0,0,1;B:0,0,0,0,1;S:0;O:3;N:;R:40:0:0,12:0:1;P1;T:1,2,0,1,2,0;B:0,1,0,0,0;S:0;O:10;N:;R:;
TURN|10
ACTION|take|1,1,0,0,1
ENDTURN|10|5fe132404ad2ac3c|S;2;1;11;0;0;B:2,1,2,3,1,4;M:15,26,36,34,66,58,48,42,75,85,71,73;D0:38,27,13,4,28,6,16,23,21,24,2,7,8,9,22,25,17,29,1,31,18,32,35,19,14,5,37,39,30,33,11,20;D1:68,70,41,47,60,62,65,59,52,61,63,55,51,64,46,69,49,50,53,54,45,44,43,57,67,56;D2:81,86,83,79,74,82,78,76,89,72,90,77,87,88,80,84;N:5,7,9;P0;T:1,1,2,0,1,1;B:0,0,0,0,1;S:0;O:3;N:;R:40:0:0,12:0:1;P1;T:1,2,0,1,2,0;B:0,1,0,0,0;S:0;O:10;N:;R:;
TURN|11
ACTION|buy_visible|1
ACTION|pay|1,0,0,1,2
ENDTURN|11|997429f4aba1c368|S;2;0;12;0;0;B:3,1,2,4,3,4;M:15,20,36,34,66,58,48,42,75,85,71,73;D0:38,27,13,4,28,6,16,23,21,24,2,7,8,9,22,25,17,29,1,31,18,32,35,19,14,5,37,39,30,33,11;D1:68,70,41,47,60,62,65,59,52,61,63,55,51,64,46,69,49,50,53,54,45,44,43,57,67,56;D2:81,86,83,79,74,82,78,76,89,72,90,77,87,88,80,84;N:5,7,9;P0;T:1,1,2,0,1,1;B:0,0,0,0,1;S:0;O:3;N:;R:40:0:0,12:0:1;P1;T:0,2,0,0,0,0;B:0,1,1,0,0;S:0;O:10,26;N:;R:;
TURN|12
ACTION|buy_visible|0
ACTION|pay|0,0,0,0,1
ENDTURN|12|65d504dfb6a0d76c|S;2;1;13;0;0;B:3,1,2,4,4,5;M:11,20,36,34,66,58,48,42,75,85,71,73;D0:38,27,13,4,28,6,16,23,21,24,2,7,8,9,22,25,17,29,1,31,18,32,35,19,14,5,37,39,30,33;D1:68,70,41,47,60,62,65,59,52,61,63,55,51,64,46,69,49,50,53,54,45,44,43,57,67,56;D2:81,86,83,79,74,82,78,76,89,72,90,77,87,88,80,84;N:5,7,9;P0;T:1,1,2,0,0,0;B:0,1,0,0,1;S:0;O:3,15;N:;R:40:0:0,12:0:1;P1;T:0,2,0,0,0,0;B:0,1,1,0,0;S:0;O:10,26;N:;R:;
TURN|13
ACTION|take|1,1,0,0,1
ENDTURN|13|9bedbb974d6d05c2|S;2;0;14;0;0;B:2,0,2,4,3,5;M:11,20,36,34,66,58,48,42,75,85,71,73;D0:38,27,13,4,28,6,16,23,21,24,2,7,8,9,22,25,17,29,1,31,18,32,35,19,14,5,37,39,30,33;D1:68,70,41,47,60,62,65,59,52,61,63,55,51,64,46,69,49,50,53,54,45,44,43,57,67,56;D2:81,86,83,79,74,82,78,76,89,72,90,77,87,88,80,84;N:5,7,9;P0;T:1,1,2,0,0,0;B:0,1,0,0,1;S:0;O:3,15;N:;R:40:0:0,12:0:1;P1;T:1,3,0,0,1,0;B:0,1,1,0,0;S:0;O:10,26;N:;R:;
TURN|14
ACTION|take|1,0,1,1,0
ENDTURN|14|7fd85395c0fcfa9a|S;2;1;15;0;0;B:1,0,1,3,3,5;M:11,20,36,34,66,58,48,42,75,85,71,73;D0:38,27,13,4,28,6,16,23,21,24,2,7,8,9,22,25,17,29,1,31,18,32,35,19,14,5,37,39,30,33;D1:68,70,41,47,60,62,65,59,52,61,63,55,51,64,46,69,49,50,53,54,45,44,43,57,67,56;D2:81,86,83,79,74,82,78,76,89,72,90,77,87,88,80,84;N:5,7,9;P0;T:2,1,3,1,0,0;B:0,1,0,0,1;S:0;O:3,15;N:;R:40:0:0,12:0:1;P1;T:1,3,0,0,1,0;B:0,1,1,0,0;S:0;O:10,26;N:;R:;
TURN|15
ACTION|take|1,0,1,1,0
ENDTURN|15|5c6ac46ed9db57c8|S;2;0;16;0;0;B:0,0,0,2,3,5;M:11,20,36,34,66,58,48,42,75,85,71,73;D0:38,27,13,4,28,6,16,23,21,24,2,7,8,9,22,25,17,29,1,31,18,32,35,19,14,5,37,39,30,33;D1:68,70,41,47,60,62,65,59,52,61,63,55,51,64,46,69,49,50,53,54,45,44,43,57,67,56;D2:81,86,83,79,74,82,78,76,89,72,90,77,87,88,80,84;N:5,7,9;P0;T:2,1,3,1,0,0;B:0,1,0,0,1;S:0;O:3,15;N:;R:40:0:0,12:0:1;P1;T:2,3,1,1,1,0;B:0,1,1,0,0;S:0;O:10,26;N:;R:;
TURN|16
ACTION|buy_visible|3
ACTION|pay|2,0,1,0,0
ENDTURN|16|c4361ae915dad0a0|S;2;1;17;0;0;B:2,0,1,2,3,5;M:11,20,36,33,66,58,48,42,75,85,71,73;D0:38,27,13,4,28,6,16,23,21,24,2,7,8,9,22,25,17,29,1,31,18,32,35,19,14,5,37,39,30;D1:68,70,41,47,60,62,65,59,52,61,63,55,51,64,46,69,49,50,53,54,45,44,43,57,67,56;D2:81,86,83,79,74,82,78,76,89,72,90,77,87,88,80,84;N:5,7,9;P0;T:0,1,2,1,0,0;B:0,1,0,1,1;S:0;O:3,15,34;N:;R:40:0:0,12:0:1;P1;T:2,3,1,1,1,0;B:0,1,1,0,0;S:0;O:10,26;N:;R:;
TURN|17
ACTION|buy_visible|3
ACTION|pay|1,0,0,0,1
ENDTURN|17|410f3486468b8c34|S;2;0;18;0;0;B:3,0,1,2,4,5;M:11,20,36,30,66,58,48,42,75,85,71,73;D0:38,27,13,4,28,6,16,23,21,24,2,7,8,9,22,25,17,29,1,31,18,32,35,19,14,5,37,39;D1:68,70,41,47,60,62,65,59,52,61,63,55,51,64,46,69,49,50,53,54,45,44,43,57,67,56;D2:81,86,83,79,74,82,78,76,89,72,90,77,87,88,80,84;N:5,7,9;P0;T:0,1,2,1,0,0;B:0,1,0,1,1;S:0;O:3,15,34;N:;R:40:0:0,12:0:1;P1;T:1,3,1,1,0,0;B:0,1,1,1,0;S:0;O:10,26,33;N:;R:;
TURN|18
ACTION|buy_visible|3
ACTION|pay|0,1,0,1,0
ENDTURN|18|7e1b25bbdf2910c6|S;2;1;19;0;0;B:3,1,1,3,4,5;M:11,20,36,39,66,58,48,42,75,85,71,73;D0:38,27,13,4,28,6,16,23,21,24,2,7,8,9,22,25,17,29,1,31,18,32,35,19,14,5,37;D1:68,70,41,47,60,62,65,59,52,61,63,55,51,64,46,69,49,50,53,54,45,44,43,57,67,56;D2:81,86,83,79,74,82,78,76,89,72,90,77,87,88,80,84;N:5,7,9;P0;T:0,0,2,0,0,0;B:0,1,1,1,1;S:0;O:3,15,30,34;N:;R:40:0:0,12:0:1;P1;T:1,3,1,1,0,0;B:0,1,1,1,0;S:0;O:10,26,33;N:;R:;
TURN|19
ACTION|buy_visible|0
ACTION|pay|1,0,1,1,0
ENDTURN|19|f9c3d929965e4a0a|S;2;0;20;0;0;B:4,1,2,4,4,5;M:37,20,36,39,66,58,48,42,75,85,71,73;D0:38,27,13,4,28,6,16,23,21,24,2,7,8,9,22,25,17,29,1,31,18,32,35,19,14,5;D1:68,70,41,47,60,62,65,59,52,61,63,55,51,64,46,69,49,50,53,54,45,44,43,57,67,56;D2:81,86,83,79,74,82,78,76,89,72,90,77,87,88,80,84;N:5,7,9;P0;T:0,0,2,0,0,0;B:0,1,1,1,1;S:0;O:3,15,30,34;N:;R:40:0:0,12:0:1;P1;T:0,3,0,0,0,0;B:0,2,1,1,0;S:0;O:10,11,26,33;N:;R:;
TURN|20
ACTION|buy_reserved|1
ACTION|pay|0,0,2,0,0
ENDTURN|20|93ad6a7ec30a5d5e|S;2;1;21;0;0;B:4,1,4,4,4,5;M:37,20,36,39,66,58,48,42,75,85,71,73;D0:38,27,13,4,28,6,16,23,21,24,2,7,8,9,22,25,17,29,1,31,18,32,35,19,14,5;D1:68,70,41,47,60,62,65,59,52,61,63,55,51,64,46,69,49,50,53,54,45,44,43,57,67,56;D2:81,86,83,79,74,82,78,76,89,72,90,77,87,88,80,84;N:5,7,9;P0;T:0,0,0,0,0,0;B:0,2,1,1,1;S:0;O:3,12,15,30,34;N:;R:40:0:0;P1;T:0,3,0,0,0,0;B:0,2,1,1,0;S:0;O:10,11,26,33;N:;R:;
TURN|21
ACTION|buy_visible|0
ACTION|pay|0,0,0,0,0
ENDTURN|21|6f1d1b2545cfe9a8|S;2;0;22;0;0;B:4,1,4,4,4,5;M:5,20,36,39,66,58,48,42,75,85,71,73;D0:38,27,13,4,28,6,16,23,21,24,2,7,8,9,22,25,17,29,1,31,18,32,35,19,14;D1:68,70,41,47,60,62,65,59,52,61,63,55,51,64,46,69,49,50,53,54,45,44,43,57,67,56;D2:81,86,83,79,74,82,78,76,89,72,90,77,87,88,80,84;N:5,7,9;P0;T:0,0,0,0,0,0;B:0,2,1,1,1;S:0;O:3,12,15,30,34;N:;R:40:0:0;P1;T:0,3,0,0,0,0;B:0,2,1,2,0;S:0;O:10,11,26,33,37;N:;R:;
TURN|22
ACTION|take|1,1,1,0,0
ENDTURN|22|2a3f1844fbe6f654|S;2;1;23;0;0;B:3,0,3,4,4,5;M:5,20,36,39,66,58,48,42,75,85,71,73;D0:38,27,13,4,28,6,16,23,21,24,2,7,8,9,22,25,17,29,1,31,18,32,35,19,14;D1:68,70,41,47,60,62,65,59,52,61,63,55,51,64,46,69,49,50,53,54,45,44,43,57,67,56;D2:81,86,83,79,74,82,78,76,89,72,90,77,87,88,80,84;N:5,7,9;P0;T:1,1,1,0,0,0;B:0,2,1,1,1;S:0;O:3,12,15,30,34;N:;R:40:0:0;P1;T:0,3,0,0,0,0;B:0,2,1,2,0;S:0;O:10,11,26,33,37;N:;R:;
TURN|23
ACTION|take|1,0,1,1,0
ENDTURN|23|548665e87804a29a|S;2;0;24;0;0;B:2,0,2,3,4,5;M:5,20,36,39,66,58,48,42,75,85,71,73;D0:38,27,13,4,28,6,16,23,21,24,2,7,8,9,22,25,17,29,1,31,18,32,35,19,14;D1:68,70,41,47,60,62,65,59,52,61,63,55,51,64,46,69,49,50,53,54,45,44,43,57,67,56;D2:81,86,83,79,74,82,78,76,89,72,90,77,87,88,80,84;N:5,7,9;P0;T:1,1,1,0,0,0;B:0,2,1,1,1;S:0;O:3,12,15,30,34;N:;R:40:0:0;P1;T:1,3,1,1,0,0;B:0,2,1,2,0;S:0;O:10,11,26,33,37;N:;R:;
TURN|24
ACTION|buy_visible|0
ACTION|pay|0,0,1,0,0
ENDTURN|24|162b30491192d36c|S;2;1;25;0;0;B:2,0,3,3,4,5;M:14,20,36,39,66,58,48,42,75,85,71,73;D0:38,27,13,4,28,6,16,23,21,24,2,7,8,9,22,25,17,29,1,31,18,32,35,19;D1:68,70,41,47,60,62,65,59,52,61,63,55,51,64,46,69,49,50,53,54,45,44,43,57,67,56;D2:81,86,83,79,74,82,78,76,89,72,90,77,87,88,80,84;N:5,7,9;P0;T:1,1,0,0,0,0;B:0,2,1,1,2;S:0;O:3,5,12,15,30,34;N:;R:40:0:0;P1;T:1,3,1,1,0,0;B:0,2,1,2,0;S:0;O:10,11,26,33,37;N:;R:;
TURN|25
ACTION|take|0,0,0,0,2
ENDTURN|25|0291f092779819f4|S;2;0;26;0;0;B:2,0,3,3,2,5;M:14,20,36,39,66,58,48,42,75,85,71,73;D0:38,27,13,4,28,6,16,23,21,24,2,7,8,9,22,25,17,29,1,31,18,32,35,19;D1:68,70,41,47,60,62,65,59,52,61,63,55,51,64,46,69,49,50,53,54,45,44,43,57,67,56;D2:81,86,83,79,74,82,78,76,89,72,90,77,87,88,80,84;N:5,7,9;P0;T:1,1,0,0,0,0;B:0,2,1,1,2;S:0;O:3,5,12,15,30,34;N:;R:40:0:0;P1;T:1,3,1,1,2,0;B:0,2,1,2,0;S:0;O:10,11,26,33,37;N:;R:;
TURN|26
ACTION|take|1,0,1,1,0
ENDTURN|26|767df2acab987c80|S;2;1;27;0;0;B:1,0,2,2,2,5;M:14,20,36,39,66,58,48,42,75,85,71,73;D0:38,27,13,4,28,6,16,23,21,24,2,7,8,9,22,25,17,29,1,31,18,32,35,19;D1:68,70,41,47,60,62,65,59,52,61,63,55,51,64,46,69,49,50,53,54,45,44,43,57,67,56;D2:81,86,83,79,74,82,78,76,89,72,90,77,87,88,80,84;N:5,7,9;P0;T:2,1,1,1,0,0;B:0,2,1,1,2;S:0;O:3,5,12,15,30,34;N:;R:40:0:0;P1;T:1,3,1,1,2,0;B:0,2,1,2,0;S:0;O:10,11,26,33,37;N:;R:;
TURN|27
ACTION|buy_visible|0
ACTION|pay|0,0,1,0,2
ENDTURN|27|e21b30fd79f7155c|S;2;0;28;0;0;B:1,0,3,2,4,5;M:19,20,36,39,66,58,48,42,75,85,71,73;D0:38,27,13,4,28,6,16,23,21,24,2,7,8,9,22,25,17,29,1,31,18,32,35;D1:68,70,41,47,60,62,65,59,52,61,63,55,51,64,46,69,49,50,53,54,45,44,43,57,67,56;D2:81,86,83,79,74,82,78,76,89,72,90,77,87,88,80,84;N:5,7,9;P0;T:2,1,1,1,0,0;B:0,2,1,1,2;S:0;O:3,5,12,15,30,34;N:;R:40:0:0;P1;T:1,3,0,1,0,0;B:0,3,1,2,0;S:0;O:10,11,14,26,33,37;N:;R:;
TURN|28
ACTION|buy_visible|0
ACTION|pay|0,0,1,0,0
ENDTURN|28|18d471fecafd02a0|S;2;1;29;0;0;B:1,0,4,2,4,5;M:35,20,36,39,66,58,48,42,75,85,71,73;D0:38,27,13,4,28,6,16,23,21,24,2,7,8,9,22,25,17,29,1,31,18,32;D1:68,70,41,47,60,62,65,59,52,61,63,55,51,64,46,69,49,50,53,54,45,44,43,57,67,56;D2:81,86,83,79,74,82,78,76,89,72,90,77,87,88,80,84;N:5,7,9;P0;T:2,1,0,1,0,0;B:1,2,1,1,2;S:0;O:3,5,12,15,19,30,34;N:;R:40:0:0;P1;T:1,3,0,1,0,0;B:0,3,1,2,0;S:0;O:10,11,14,26,33,37;N:;R:;
TURN|29
ACTION|take|1,0,1,1,0
ENDTURN|29|8f61d1cf9b13e238|S;2;0;30;0;0;B:0,0,3,1,4,5;M:35,20,36,39,66,58,48,42,75,85,71,73;D0:38,27,13,4,28,6,16,23,21,24,2,7,8,9,22,25,17,29,1,31,18,32;D1:68,70,41,47,60,62,65,59,52,61,63,55,51,64,46,69,49,50,53,54,45,44,43,57,67,56;D2:81,86,83,79,74,82,78,76,89,72,90,77,87,88,80,84;N:5,7,9;P0;T:2,1,0,1,0,0;B:1,2,1,1,2;S:0;O:3,5,12,15,19,30,34;N:;R:40:0:0;P1;T:2,3,1,2,0,0;B:0,3,1,2,0;S:0;O:10,11,14,26,33,37;N:;R:;
TURN|30
ACTION|buy_visible|0
ACTION|pay|1,0,0,0,0
ENDTURN|30|dcd8458eeeb3b2d8|S;2;1;31;0;0;B:1,0,3,1,4,5;M:32,20,36,39,66,58,48,42,75,85,71,73;D0:38,27,13,4,28,6,16,23,21,24,2,7,8,9,22,25,17,29,1,31,18;D1:68,70,41,47,60,62,65,59,52,61,63,55,51,64,46,69,49,50,53,54,45,44,43,57,67,56;D2:81,86,83,79,74,82,78,76,89,72,90,77,87,88,80,84;N:5,7,9;P0;T:1,1,0,1,0,0;B:1,2,1,2,2;S:0;O:3,5,12,15,19,30,34,35;N:;R:40:0:0;P1;T:2,3,1,2,0,0;B:0,3,1,2,0;S:0;O:10,11,14,26,33,37;N:;R:;
TURN|31
ACTION|take|1,0,1,1,0
ACTION|return|0,0,0,1,0,0
ENDTURN|31|beeda9e040c2e36a|S;2;0;32;0;0;B:0,0,2,1,4,5;M:32,20,36,39,66,58,48,42,75,85,71,73;D0:38,27,13,4,28,6,16,23,21,24,2,7,8,9,22,25,17,29,1,31,18;D1:68,70,41,47,60,62,65,59,52,61,63,55,51,64,46,69,49,50,53,54,45,44,43,57,67,56;D2:81,86,83,79,74,82,78,76,89,72,90,77,87,88,80,84;N:5,7,9;P0;T:1,1,0,1,0,0;B:1,2,1,2,2;S:0;O:3,5,12,15,19,30,34,35;N:;R:40:0:0;P1;T:3,3,2,2,0,0;B:0,3,1,2,0;S:0;O:10,11,14,26,33,37;N:;R:;
TURN|32
ACTION|take|0,0,1,1,1
ENDTURN|32|7030c51b7fd19028|S;2;1;33;0;0;B:0,0,1,0,3,5;M:32,20,36,39,66,58,48,42,75,85,71,73;D0:38,27,13,4,28,6,16,23,21,24,2,7,8,9,22,25,17,29,1,31,18;D1:68,70,41,47,60,62,65,59,52,61,63,55,51,64,46,69,49,50,53,54,45,44,43,57,67,56;D2:81,86,83,79,74,82,78,76,89,72,90,77,87,88,80,84;N:5,7,9;P0;T:1,1,1,2,1,0;B:1,2,1,2,2;S:0;O:3,5,12,15,19,30,34,35;N:;R:40:0:0;P1;T:3,3,2,2,0,0;B:0,3,1,2,0;S:0;O:10,11,14,26,33,37;N:;R:;
TURN|33
ACTION|buy_visible|3
ACTION|pay|3,0,0,0,0
ENDTURN|33|963315758e0e962c|S;2;0;34;0;0;B:3,0,1,0,3,5;M:32,20,36,18,66,58,48,42,75,85,71,73;D0:38,27,13,4,28,6,16,23,21,24,2,7,8,9,22,25,17,29,1,31;D1:68,70,41,47,60,62,65,59,52,61,63,55,51,64,46,69,49,50,53,54,45,44,43,57,67,56;D2:81,86,83,79,74,82,78,76,89,72,90,77,87,88,80,84;N:5,7,9;P0;T:1,1,1,2,1,0;B:1,2,1,2,2;S:0;O:3,5,12,15,19,30,34,35;N:;R:40:0:0;P1;T:0,3,2,2,0,0;B:0,3,1,3,0;S:0;O:10,11,14,26,33,37,39;N:;R:;
TURN|34
ACTION|buy_visible|2
ACTION|pay|0,0,0,0,1
ENDTURN|34|bff8e1ccc1298356|S;2;1;35;0;0;B:3,0,1,0,4,5;M:32,20,31,18,66,58,48,42,75,85,71,73;D0:38,27,13,4,28,6,16,23,21,24,2,7,8,9,22,25,17,29,1;D1:68,70,41,47,60,62,65,59,52,61,63,55,51,64,46,69,49,50,53,54,45,44,43,57,67,56;D2:81,86,83,79,74,82,78,76,89,72,90,77,87,88,80,84;N:5,7,9;P0;T:1,1,1,2,0,0;B:1,2,1,3,2;S:0;O:3,5,12,15,19,30,34,35,36;N:;R:40:0:0;P1;T:0,3,2,2,0,0;B:0,3,1,3,0;S:0;O:10,11,14,26,33,37,39;N:;R:;
TURN|35
ACTION|buy_visible|2
ACTION|pay|0,0,0,0,0
ENDTURN|35|66613f1147b9354a|S;2;0;36;0;0;B:3,0,1,0,4,5;M:32,20,1,18,66,58,48,42,75,85,71,73;D0:38,27,13,4,28,6,16,23,21,24,2,7,8,9,22,25,17,29;D1:68,70,41,47,60,62,65,59,52,61,63,55,51,64,46,69,49,50,53,54,45,44,43,57,67,56;D2:81,86,83,79,74,82,78,76,89,72,90,77,87,88,80,84;N:5,7,9;P0;T:1,1,1,2,0,0;B:1,2,1,3,2;S:0;O:3,5,12,15,19,30,34,35,36;N:;R:40:0:0;P1;T:0,3,2,2,0,0;B:0,3,2,3,0;S:0;O:10,11,14,26,31,33,37,39;N:;R:;
TURN|36
ACTION|buy_visible|2
ACTION|pay|0,0,0,0,0
ENDTURN|36|f566762386d6a740|S;2;1;37;0;0;B:3,0,1,0,4,5;M:32,20,29,18,66,58,48,42,75,85,71,73;D0:38,27,13,4,28,6,16,23,21,24,2,7,8,9,22,25,17;D1:68,70,41,47,60,62,65,59,52,61,63,55,51,64,46,69,49,50,53,54,45,44,43,57,67,56;D2:81,86,83,79,74,82,78,76,89,72,90,77,87,88,80,84;N:5,7,9;P0;T:1,1,1,2,0,0;B:1,2,1,3,3;S:0;O:1,3,5,12,15,19,30,34,35,36;N:;R:40:0:0;P1;T:0,3,2,2,0,0;B:0,3,2,3,0;S:0;O:10,11,14,26,31,33,37,39;N:;R:;
TURN|37
ACTION|take|1,0,1,0,1
ENDTURN|37|664ef30f802616f8|S;2;0;38;0;0;B:2,0,0,0,3,5;M:32,20,29,18,66,58,48,42,75,85,71,73;D0:38,27,13,4,28,6,16,23,21,24,2,7,8,9,22,25,17;D1:68,70,41,47,60,62,65,59,52,61,63,55,51,64,46,69,49,50,53,54,45,44,43,57,67,56;D2:81,86,83,79,74,82,78,76,89,72,90,77,87,88,80,84;N:5,7,9;P0;T:1,1,1,2,0,0;B:1,2,1,3,3;S:0;O:1,3,5,12,15,19,30,34,35,36;N:;R:40:0:0;P1;T:1,3,3,2,1,0;B:0,3,2,3,0;S:0;O:10,11,14,26,31,33,37,39;N:;R:;
TURN|38
ACTION|buy_visible|2
ACTION|pay|1,0,0,0,0
ENDTURN|38|ad6630d8c2c80d20|S;2;1;39;0;0;B:3,0,0,0,3,5;M:32,20,17,18,66,58,48,42,75,85,71,73;D0:38,27,13,4,28,6,16,23,21,24,2,7,8,9,22,25;D1:68,70,41,47,60,62,65,59,52,61,63,55,51,64,46,69,49,50,53,54,45,44,43,57,67,56;D2:81,86,83,79,74,82,78,76,89,72,90,77,87,88,80,84;N:5,7,9;P0;T:0,1,1,2,0,0;B:1,2,2,3,3;S:0;O:1,3,5,12,15,19,29,30,34,35,36;N:;R:40:0:0;P1;T:1,3,3,2,1,0;B:0,3,2,3,0;S:0;O:10,11,14,26,31,33,37,39;N:;R:;
TURN|39
ACTION|buy_visible|2
ACTION|pay|0,0,0,0,1
ENDTURN|39|9d13222c73596954|S;2;0;40;0;0;B:3,0,0,0,4,5;M:32,20,25,18,66,58,48,42,75,85,71,73;D0:38,27,13,4,28,6,16,23,21,24,2,7,8,9,22;D1:68,70,41,47,60,62,65,59,52,61,63,55,51,64,46,69,49,50,53,54,45,44,43,57,67,56;D2:81,86,83,79,74,82,78,76,89,72,90,77,87,88,80,84;N:5,7,9;P0;T:0,1,1,2,0,0;B:1,2,2,3,3;S:0;O:1,3,5,12,15,19,29,30,34,35,36;N:;R:40:0:0;P1;T:1,3,3,2,0,0;B:1,3,2,3,0;S:0;O:10,11,14,17,26,31,33,37,39;N:;R:;
TURN|40
ACTION|buy_visible|2
ACTION|pay|0,0,0,0,0
ENDTURN|40|cf454a3a4a5c3868|S;2;1;41;0;0;B:3,0,0,0,4,5;M:32,20,22,18,66,58,48,42,75,85,71,73;D0:38,27,13,4,28,6,16,23,21,24,2,7,8,9;D1:68,70,41,47,60,62,65,59,52,61,63,55,51,64,46,69,49,50,53,54,45,44,43,57,67,56;D2:81,86,83,79,74,82,78,76,89,72,90,77,87,88,80,84;N:5,7,9;P0;T:0,1,1,2,0,0;B:1,2,3,3,3;S:0;O:1,3,5,12,15,19,25,29,30,34,35,36;N:;R:40:0:0;P1;T:1,3,3,2,0,0;B:1,3,2,3,0;S:0;O:10,11,14,17,26,31,33,37,39;N:;R:;
TURN|41
ACTION|take|1,0,0,0,1
ACTION|return|0,0,0,0,1,0
ENDTURN|41|bc04f037be9549ec|S;2;0;42;0;0;B:2,0,0,0,4,5;M:32,20,22,18,66,58,48,42,75,85,71,73;D0:38,27,13,4,28,6,16,23,21,24,2,7,8,9;D1:68,70,41,47,60,62,65,59,52,61,63,55,51,64,46,69,49,50,53,54,45,44,43,57,67,56;D2:81,86,83,79,74,82,78,76,89,72,90,77,87,88,80,84;N:5,7,9;P0;T:0,1,1,2,0,0;B:1,2,3,3,3;S:0;O:1,3,5,12,15,19,25,29,30,34,35,36;N:;R:40:0:0;P1;T:2,3,3,2,0,0;B:1,3,2,3,0;S:0;O:10,11,14,17,26,31,33,37,39;N:;R:;
TURN|42
ACTION|buy_visible|2
ACTION|pay|0,0,0,0,0
ENDTURN|42|0c96c8e002e9ce40|S;2;1;43;0;0;B:2,0,0,0,4,5;M:32,20,9,18,66,58,48,42,75,85,71,73;D0:38,27,13,4,28,6,16,23,21,24,2,7,8;D1:68,70,41,47,60,62,65,59,52,61,63,55,51,64,46,69,49,50,53,54,45,44,43,57,67,56;D2:81,86,83,79,74,82,78,76,89,72,90,77,87,88,80,84;N:5,7,9;P0;T:0,1,1,2,0,0;B:2,2,3,3,3;S:0;O:1,3,5,12,15,19,22,25,29,30,34,35,36;N:;R:40:0:0;P1;T:2,3,3,2,0,0;B:1,3,2,3,0;S:0;O:10,11,14,17,26,31,33,37,39;N:;R:;
TURN|43
ACTION|buy_visible|9
ACTION|pay|2,3,1,0,0
ENDTURN|43|070fcfd5fc0aa1ca|S;2;0;44;0;0;B:4,3,1,0,4,5;M:32,20,9,18,66,58,48,42,75,84,71,73;D0:38,27,13,4,28,6,16,23,21,24,2,7,8;D1:68,70,41,47,60,62,65,59,52,61,63,55,51,64,46,69,49,50,53,54,45,44,43,57,67,56;D2:81,86,83,79,74,82,78,76,89,72,90,77,87,88,80;N:5,7,9;P0;T:0,1,1,2,0,0;B:2,2,3,3,3;S:0;O:1,3,5,12,15,19,22,25,29,30,34,35,36;N:;R:40:0:0;P1;T:0,0,2,2,0,0;B:1,3,3,3,0;S:4;O:10,11,14,17,26,31,33,37,39,85;N:;R:;
TURN|44
ACTION|buy_visible|2
ACTION|pay|0,0,0,0,0
ENDTURN|44|8e331717bfd3569c|S;2;1;45;0;0;B:4,3,1,0,4,5;M:32,20,8,18,66,58,48,42,75,84,71,73;D0:38,27,13,4,28,6,16,23,21,24,2,7;D1:68,70,41,47,60,62,65,59,52,61,63,55,51,64,46,69,49,50,53,54,45,44,43,57,67,56;D2:81,86,83,79,74,82,78,76,89,72,90,77,87,88,80;N:5,7,9;P0;T:0,1,1,2,0,0;B:2,3,3,3,3;S:0;O:1,3,5,9,12,15,19,22,25,29,30,34,35,36;N:;R:40:0:0;P1;T:0,0,2,2,0,0;B:1,3,3,3,0;S:4;O:10,11,14,17,26,31,33,37,39,85;N:;R:;
TURN|45
ACTION|take|1,1,1,0,0
ENDTURN|45|8b0a07519d67eedc|S;2;0;46;0;0;B:3,2,0,0,4,5;M:32,20,8,18,66,58,48,42,75,84,71,73;D0:38,27,13,4,28,6,16,23,21,24,2,7;D1:68,70,41,47,60,62,65,59,52,61,63,55,51,64,46,69,49,50,53,54,45,44,43,57,67,56;D2:81,86,83,79,74,82,78,76,89,72,90,77,87,88,80;N:5,7,9;P0;T:0,1,1,2,0,0;B:2,3,3,3,3;S:0;O:1,3,5,9,12,15,19,22,25,29,30,34,35,36;N:;R:40:0:0;P1;T:1,1,3,2,0,0;B:1,3,3,3,0;S:4;O:10,11,14,17,26,31,33,37,39,85;N:;R:;
TURN|46
ACTION|buy_visible|2
ACTION|pay|0,1,0,0,0
ENDTURN|46|f41802926fae2563|S;2;1;47;0;0;B:3,3,0,0,4,5;M:32,20,7,18,66,58,48,42,75,84,71,73;D0:38,27,13,4,28,6,16,23,21,24,2;D1:68,70,41,47,60,62,65,59,52,61,63,55,51,64,46,69,49,50,53,54,45,44,43,57,67,56;D2:81,86,83,79,74,82,78,76,89,72,90,77,87,88,80;N:5,7,9;P0;T:0,0,1,2,0,0;B:2,3,3,3,4;S:1;O:1,3,5,8,9,12,15,19,22,25,29,30,34,35,36;N:;R:40:0:0;P1;T:1,1,3,2,0,0;B:1,3,3,3,0;S:4;O:10,11,14,17,26,31,33,37,39,85;N:;R:;
TURN|47
ACTION|buy_visible|2
ACTION|pay|0,0,0,0,0
ENDTURN|47|8b3eb63746590c95|S;2;0;48;0;0;B:3,3,0,0,4,5;M:32,20,2,18,66,58,48,42,75,84,71,73;D0:38,27,13,4,28,6,16,23,21,24;D1:68,70,41,47,60,62,65,59,52,61,63,55,51,64,46,69,49,50,53,54,45,44,43,57,67,56;D2:81,86,83,79,74,82,78,76,89,72,90,77,87,88,80;N:5,7,9;P0;T:0,0,1,2,0,0;B:2,3,3,3,4;S:1;O:1,3,5,8,9,12,15,19,22,25,29,30,34,35,36;N:;R:40:0:0;P1;T:1,1,3,2,0,0;B:1,3,3,3,1;S:4;O:7,10,11,14,17,26,31,33,37,39,85;N:;R:;
TURN|48
ACTION|buy_visible|0
ACTION|pay|0,0,0,0,0
ENDTURN|48|bd721378408c08c8|S;2;1;49;0;0;B:3,3,0,0,4,5;M:24,20,2,18,66,58,48,42,75,84,71,73;D0:38,27,13,4,28,6,16,23,21;D1:68,70,41,47,60,62,65,59,52,61,63,55,51,64,46,69,49,50,53,54,45,44,43,57,67,56;D2:81,86,83,79,74,82,78,76,89,72,90,77,87,88,80;N:5,7,9;P0;T:0,0,1,2,0,0;B:2,3,4,3,4;S:2;O:1,3,5,8,9,12,15,19,22,25,29,30,32,34,35,36;N:;R:40:0:0;P1;T:1,1,3,2,0,0;B:1,3,3,3,1;S:4;O:7,10,11,14,17,26,31,33,37,39,85;N:;R:;
TURN|49
ACTION|buy_visible|0
ACTION|pay|0,0,1,0,0
ENDTURN|49|ea696abe55ecebb9|S;2;0;50;0;0;B:3,3,1,0,4,5;M:21,20,2,18,66,58,48,42,75,84,71,73;D0:38,27,13,4,28,6,16,23;D1:68,70,41,47,60,62,65,59,52,61,63,55,51,64,46,69,49,50,53,54,45,44,43,57,67,56;D2:81,86,83,79,74,82,78,76,89,72,90,77,87,88,80;N:5,7,9;P0;T:0,0,1,2,0,0;B:2,3,4,3,4;S:2;O:1,3,5,8,9,12,15,19,22,25,29,30,32,34,35,36;N:;R:40:0:0;P1;T:1,1,2,2,0,0;B:2,3,3,3,1;S:5;O:7,10,11,14,17,24,26,31,33,37,39,85;N:;R:;
TURN|50
ACTION|buy_visible|0
ACTION|pay|0,0,0,0,0
ENDTURN|50|1fbcc28c95627cf4|S;2;1;51;0;0;B:3,3,1,0,4,5;M:23,20,2,18,66,58,48,42,75,84,71,73;D0:38,27,13,4,28,6,16;D1:68,70,41,47,60,62,65,59,52,61,63,55,51,64,46,69,49,50,53,54,45,44,43,57,67,56;D2:81,86,83,79,74,82,78,76,89,72,90,77,87,88,80;N:7,9;P0;T:0,0,1,2,0,0;B:3,3,4,3,4;S:5;O:1,3,5,8,9,12,15,19,21,22,25,29,30,32,34,35,36;N:5;R:40:0:0;P1;T:1,1,2,2,0,0;B:2,3,3,3,1;S:5;O:7,10,11,14,17,24,26,31,33,37,39,85;N:;R:;
TURN|51
ACTION|buy_visible|0
ACTION|pay|0,0,0,0,0
ENDTURN|51|cfd6889745a353e4|S;2;0;52;0;0;B:3,3,1,0,4,5;M:16,20,2,18,66,58,48,42,75,84,71,73;D0:38,27,13,4,28,6;D1:68,70,41,47,60,62,65,59,52,61,63,55,51,64,46,69,49,50,53,54,45,44,43,57,67,56;D2:81,86,83,79,74,82,78,76,89,72,90,77,87,88,80;N:7,9;P0;T:0,0,1,2,0,0;B:3,3,4,3,4;S:5;O:1,3,5,8,9,12,15,19,21,22,25,29,30,32,34,35,36;N:5;R:40:0:0;P1;T:1,1,2,2,0,0;B:3,3,3,3,1;S:5;O:7,10,11,14,17,23,24,26,31,33,37,39,85;N:;R:;
TURN|52
ACTION|buy_visible|0
ACTION|pay|0,0,0,1,0
ENDTURN|52|40425214c60aac6d|S;2;1;53;0;0;B:3,3,1,1,4,5;M:6,20,2,18,66,58,48,42,75,84,71,73;D0:38,27,13,4,28;D1:68,70,41,47,60,62,65,59,52,61,63,55,51,64,46,69,49,50,53,54,45,44,43,57,67,56;D2:81,86,83,79,74,82,78,76,89,72,90,77,87,88,80;N:7,9;P0;T:0,0,1,1,0,0;B:3,4,4,3,4;S:6;O:1,3,5,8,9,12,15,16,19,21,22,25,29,30,32,34,35,36;N:5;R:40:0:0;P1;T:1,1,2,2,0,0;B:3,3,3,3,1;S:5;O:7,10,11,14,17,23,24,26,31,33,37,39,85;N:;R:;
TURN|53
ACTION|buy_visible|0
ACTION|pay|0,0,0,0,0
ENDTURN|53|6027c93f189b0845|S;2;0;54;0;0;B:3,3,1,1,4,5;M:28,20,2,18,66,58,48,42,75,84,71,73;D0:38,27,13,4;D1:68,70,41,47,60,62,65,59,52,61,63,55,51,64,46,69,49,50,53,54,45,44,43,57,67,56;D2:81,86,83,79,74,82,78,76,89,72,90,77,87,88,80;N:7,9;P0;T:0,0,1,1,0,0;B:3,4,4,3,4;S:6;O:1,3,5,8,9,12,15,16,19,21,22,25,29,30,32,34,35,36;N:5;R:40:0:0;P1;T:1,1,2,2,0,0;B:3,3,3,3,2;S:5;O:6,7,10,11,14,17,23,24,26,31,33,37,39,85;N:;R:;
TURN|54
ACTION|buy_visible|0
ACTION|pay|0,0,0,0,0
ENDTURN|54|7f064453abf03d83|S;2;1;55;0;0;B:3,3,1,1,4,5;M:4,20,2,18,66,58,48,42,75,84,71,73;D0:38,27,13;D1:68,70,41,47,60,62,65,59,52,61,63,55,51,64,46,69,49,50,53,54,45,44,43,57,67,56;D2:81,86,83,79,74,82,78,76,89,72,90,77,87,88,80;N:7,9;P0;T:0,0,1,1,0,0;B:3,4,5,3,4;S:6;O:1,3,5,8,9,12,15,16,19,21,22,25,28,29,30,32,34,35,36;N:5;R:40:0:0;P1;T:1,1,2,2,0,0;B:3,3,3,3,2;S:5;O:6,7,10,11,14,17,23,24,26,31,33,37,39,85;N:;R:;
TURN|55
ACTION|buy_visible|0
ACTION|pay|0,0,0,0,0
ENDTURN|55|197979b96a6e9611|S;2;0;56;0;0;B:3,3,1,1,4,5;M:13,20,2,18,66,58,48,42,75,84,71,73;D0:38,27;D1:68,70,41,47,60,62,65,59,52,61,63,55,51,64,46,69,49,50,53,54,45,44,43,57,67,56;D2:81,86,83,79,74,82,78,76,89,72,90,77,87,88,80;N:7,9;P0;T:0,0,1,1,0,0;B:3,4,5,3,4;S:6;O:1,3,5,8,9,12,15,16,19,21,22,25,28,29,30,32,34,35,36;N:5;R:40:0:0;P1;T:1,1,2,2,0,0;B:3,3,3,3,3;S:5;O:4,6,7,10,11,14,17,23,24,26,31,33,37,39,85;N:;R:;
TURN|56
ACTION|buy_visible|0
ACTION|pay|0,0,0,0,0
ENDTURN|56|d4a98c5386ea2915|S;2;1;57;0;0;B:3,3,1,1,4,5;M:27,20,2,18,66,58,48,42,75,84,71,73;D0:38;D1:68,70,41,47,60,62,65,59,52,61,63,55,51,64,46,69,49,50,53,54,45,44,43,57,67,56;D2:81,86,83,79,74,82,78,76,89,72,90,77,87,88,80;N:7,9;P0;T:0,0,1,1,0,0;B:3,5,5,3,4;S:6;O:1,3,5,8,9,12,13,15,16,19,21,22,25,28,29,30,32,34,35,36;N:5;R:40:0:0;P1;T:1,1,2,2,0,0;B:3,3,3,3,3;S:5;O:4,6,7,10,11,14,17,23,24,26,31,33,37,39,85;N:;R:;
TURN|57
ACTION|buy_visible|0
ACTION|pay|0,0,0,0,0
ENDTURN|57|d07d51a00b27ad81|S;2;0;58;0;0;B:3,3,1,1,4,5;M:38,20,2,18,66,58,48,42,75,84,71,73;D0:;D1:68,70,41,47,60,62,65,59,52,61,63,55,51,64,46,69,49,50,53,54,45,44,43,57,67,56;D2:81,86,83,79,74,82,78,76,89,72,90,77,87,88,80;N:7,9;P0;T:0,0,1,1,0,0;B:3,5,5,3,4;S:6;O:1,3,5,8,9,12,13,15,16,19,21,22,25,28,29,30,32,34,35,36;N:5;R:40:0:0;P1;T:1,1,2,2,0,0;B:3,3,4,3,3;S:5;O:4,6,7,10,11,14,17,23,24,26,27,31,33,37,39,85;N:;R:;
TURN|58
ACTION|buy_visible|0
ACTION|pay|0,0,0,0,0
ENDTURN|58|46a211bced866681|S;2;1;59;0;0;B:3,3,1,1,4,5;M:0,20,2,18,66,58,48,42,75,84,71,73;D0:;D1:68,70,41,47,60,62,65,59,52,61,63,55,51,64,46,69,49,50,53,54,45,44,43,57,67,56;D2:81,86,83,79,74,82,78,76,89,72,90,77,87,88,80;N:7,9;P0;T:0,0,1,1,0,0;B:3,5,5,4,4;S:6;O:1,3,5,8,9,12,13,15,16,19,21,22,25,28,29,30,32,34,35,36,38;N:5;R:40:0:0;P1;T:1,1,2,2,0,0;B:3,3,4,3,3;S:5;O:4,6,7,10,11,14,17,23,24,26,27,31,33,37,39,85;N:;R:;
TURN|59
ACTION|buy_visible|1
ACTION|pay|0,0,0,0,0
ENDTURN|59|2d9bae05c1d7dd7b|S;2;0;60;0;0;B:3,3,1,1,4,5;M:0,0,2,18,66,58,48,42,75,84,71,73;D0:;D1:68,70,41,47,60,62,65,59,52,61,63,55,51,64,46,69,49,50,53,54,45,44,43,57,67,56;D2:81,86,83,79,74,82,78,76,89,72,90,77,87,88,80;N:7,9;P0;T:0,0,1,1,0,0;B:3,5,5,4,4;S:6;O:1,3,5,8,9,12,13,15,16,19,21,22,25,28,29,30,32,34,35,36,38;N:5;R:40:0:0;P1;T:1,1,2,2,0,0;B:4,3,4,3,3;S:5;O:4,6,7,10,11,14,17,20,23,24,26,27,31,33,37,39,85;N:;R:;
TURN|60
ACTION|buy_visible|2
ACTION|pay|0,0,0,0,0
ENDTURN|60|42b141cca3d74411|S;2;1;61;0;0;B:3,3,1,1,4,5;M:0,0,0,18,66,58,48,42,75,84,71,73;D0:;D1:68,70,41,47,60,62,65,59,52,61,63,55,51,64,46,69,49,50,53,54,45,44,43,57,67,56;D2:81,86,83,79,74,82,78,76,89,72,90,77,87,88,80;N:7,9;P0;T:0,0,1,1,0,0;B:3,5,5,4,5;S:6;O:1,2,3,5,8,9,12,13,15,16,19,21,22,25,28,29,30,32,34,35,36,38;N:5;R:40:0:0;P1;T:1,1,2,2,0,0;B:4,3,4,3,3;S:5;O:4,6,7,10,11,14,17,20,23,24,26,27,31,33,37,39,85;N:;R:;
TURN|61
ACTION|buy_visible|3
ACTION|pay|0,0,0,0,0
ENDTURN|61|bcb4b8ab8521b16f|S;2;0;62;0;0;B:3,3,1,1,4,5;M:0,0,0,0,66,58,48,42,75,84,71,73;D0:;D1:68,70,41,47,60,62,65,59,52,61,63,55,51,64,46,69,49,50,53,54,45,44,43,57,67,56;D2:81,86,83,79,74,82,78,76,89,72,90,77,87,88,80;N:7,9;P0;T:0,0,1,1,0,0;B:3,5,5,4,5;S:6;O:1,2,3,5,8,9,12,13,15,16,19,21,22,25,28,29,30,32,34,35,36,38;N:5;R:40:0:0;P1;T:1,1,2,2,0,0;B:5,3,4,3,3;S:5;O:4,6,7,10,11,14,17,18,20,23,24,26,27,31,33,37,39,85;N:;R:;
TURN|62
ACTION|buy_visible|4
ACTION|pay|0,0,0,0,0
ENDTURN|62|370107effca67b2c|S;2;1;63;0;0;B:3,3,1,1,4,5;M:0,0,0,0,56,58,48,42,75,84,71,73;D0:;D1:68,70,41,47,60,62,65,59,52,61,63,55,51,64,46,69,49,50,53,54,45,44,43,57,67;D2:81,86,83,79,74,82,78,76,89,72,90,77,87,88,80;N:7,9;P0;T:0,0,1,1,0,0;B:3,5,5,5,5;S:7;O:1,2,3,5,8,9,12,13,15,16,19,21,22,25,28,29,30,32,34,35,36,38,66;N:5;R:40:0:0;P1;T:1,1,2,2,0,0;B:5,3,4,3,3;S:5;O:4,6,7,10,11,14,17,18,20,23,24,26,27,31,33,37,39,85;N:;R:;
TURN|63
ACTION|buy_visible|4
ACTION|pay|0,0,0,2,0
ENDTURN|63|f486ae63ee36cef6|S;2;0;64;0;0;B:3,3,1,3,4,5;M:0,0,0,0,67,58,48,42,75,84,71,73;D0:;D1:68,70,41,47,60,62,65,59,52,61,63,55,51,64,46,69,49,50,53,54,45,44,43,57;D2:81,86,83,79,74,82,78,76,89,72,90,77,87,88,80;N:7,9;P0;T:0,0,1,1,0,0;B:3,5,5,5,5;S:7;O:1,2,3,5,8,9,12,13,15,16,19,21,22,25,28,29,30,32,34,35,36,38,66;N:5;R:40:0:0;P1;T:1,1,2,0,0,0;B:6,3,4,3,3;S:7;O:4,6,7,10,11,14,17,18,20,23,24,26,27,31,33,37,39,56,85;N:;R:;
TURN|64
ACTION|buy_visible|4
ACTION|pay|0,0,0,0,0
ENDTURN|64|63e6eb69fde2177a|S;2;1;65;0;0;B:3,3,1,3,4,5;M:0,0,0,0,57,58,48,42,75,84,71,73;D0:;D1:68,70,41,47,60,62,65,59,52,61,63,55,51,64,46,69,49,50,53,54,45,44,43;D2:81,86,83,79,74,82,78,76,89,72,90,77,87,88,80;N:7,9;P0;T:0,0,1,1,0,0;B:3,5,5,6,5;S:9;O:1,2,3,5,8,9,12,13,15,16,19,21,22,25,28,29,30,32,34,35,36,38,66,67;N:5;R:40:0:0;P1;T:1,1,2,0,0,0;B:6,3,4,3,3;S:7;O:4,6,7,10,11,14,17,18,20,23,24,26,27,31,33,37,39,56,85;N:;R:;
TURN|65
ACTION|buy_visible|5
ACTION|pay|0,0,0,0,0
ENDTURN|65|67a0d7ce441e34b1|S;2;0;66;0;0;B:3,3,1,3,4,5;M:0,0,0,0,57,43,48,42,75,84,71,73;D0:;D1:68,70,41,47,60,62,65,59,52,61,63,55,51,64,46,69,49,50,53,54,45,44;D2:81,86,83,79,74,82,78,76,89,72,90,77,87,88,80;N:7,9;P0;T:0,0,1,1,0,0;B:3,5,5,6,5;S:9;O:1,2,3,5,8,9,12,13,15,16,19,21,22,25,28,29,30,32,34,35,36,38,66,67;N:5;R:40:0:0;P1;T:1,1,2,0,0,0;B:7,3,4,3,3;S:10;O:4,6,7,10,11,14,17,18,20,23,24,26,27,31,33,37,39,56,58,85;N:;R:;
TURN|66
ACTION|buy_visible|4
ACTION|pay|0,0,0,0,0
ACTION|noble|0
ENDTURN|66|72bb10cc7c8523b2|S;2;1;67;0;0;B:3,3,1,3,4,5;M:0,0,0,0,44,43,48,42,75,84,71,73;D0:;D1:68,70,41,47,60,62,65,59,52,61,63,55,51,64,46,69,49,50,53,54,45;D2:81,86,83,79,74,82,78,76,89,72,90,77,87,88,80;N:7;P0;T:0,0,1,1,0,0;B:4,5,5,6,5;S:14;O:1,2,3,5,8,9,12,13,15,16,19,21,22,25,28,29,30,32,34,35,36,38,57,66,67;N:5,9;R:40:0:0;P1;T:1,1,2,0,0,0;B:7,3,4,3,3;S:10;O:4,6,7,10,11,14,17,18,20,23,24,26,27,31,33,37,39,56,58,85;N:;R:;
TURN|67
ACTION|buy_visible|4
ACTION|pay|0,0,1,0,0
ENDTURN|67|631956b8f0371af6|S;2;0;68;1;4;B:3,3,2,3,4,5;M:0,0,0,0,45,43,48,42,75,84,71,73;D0:;D1:68,70,41,47,60,62,65,59,52,61,63,55,51,64,46,69,49,50,53,54;D2:81,86,83,79,74,82,78,76,89,72,90,77,87,88,80;N:;P0;T:0,0,1,1,0,0;B:4,5,5,6,5;S:14;O:1,2,3,5,8,9,12,13,15,16,19,21,22,25,28,29,30,32,34,35,36,38,57,66,67;N:5,9;R:40:0:0;P1;T:1,1,1,0,0,0;B:7,3,4,3,4;S:15;O:4,6,7,10,11,14,17,18,20,23,24,26,27,31,33,37,39,44,56,58,85;N:7;R:;
END|complete|68|631956b8f0371af6|S;2;0;68;1;4;B:3,3,2,3,4,5;M:0,0,0,0,45,43,48,42,75,84,71,73;D0:;D1:68,70,41,47,60,62,65,59,52,61,63,55,51,64,46,69,49,50,53,54;D2:81,86,83,79,74,82,78,76,89,72,90,77,87,88,80;N:;P0;T:0,0,1,1,0,0;B:4,5,5,6,5;S:14;O:1,2,3,5,8,9,12,13,15,16,19,21,22,25,28,29,30,32,34,35,36,38,57,66,67;N:5,9;R:40:0:0;P1;T:1,1,1,0,0,0;B:7,3,4,3,4;S:15;O:4,6,7,10,11,14,17,18,20,23,24,26,27,31,33,37,39,44,56,58,85;N:7;R:;
