# raw-engine-only synthetic determinized worlds; never agent input
CARD|1|1|4|0|1,1,1,1,0
CARD|2|1|4|0|1,2,1,1,0
CARD|3|1|4|0|2,2,0,1,0
CARD|4|1|4|0|0,0,1,3,1
CARD|5|1|4|0|0,0,2,1,0
CARD|6|1|4|0|2,0,2,0,0
CARD|7|1|4|0|0,0,3,0,0
CARD|8|1|4|1|0,4,0,0,0
CARD|9|1|1|0|1,0,1,1,1
CARD|10|1|1|0|1,0,1,2,1
CARD|11|1|1|0|1,0,2,2,0
CARD|12|1|1|0|0,1,3,1,0
CARD|13|1|1|0|1,0,0,0,2
CARD|14|1|1|0|0,0,2,0,2
CARD|15|1|1|0|0,0,0,0,3
CARD|16|1|1|1|0,0,0,4,0
CARD|17|1|0|0|0,1,1,1,1
CARD|18|1|0|0|0,1,2,1,1
CARD|19|1|0|0|0,2,2,0,1
CARD|20|1|0|0|3,1,0,0,1
CARD|21|1|0|0|0,0,0,2,1
CARD|22|1|0|0|0,2,0,0,2
CARD|23|1|0|0|0,3,0,0,0
CARD|24|1|0|1|0,0,4,0,0
CARD|25|1|2|0|1,1,0,1,1
CARD|26|1|2|0|1,1,0,1,2
CARD|27|1|2|0|0,1,0,2,2
CARD|28|1|2|0|1,3,1,0,0
CARD|29|1|2|0|2,1,0,0,0
CARD|30|1|2|0|0,2,0,2,0
CARD|31|1|2|0|0,0,0,3,0
CARD|32|1|2|1|0,0,0,0,4
CARD|33|1|3|0|1,1,1,0,1
CARD|34|1|3|0|2,1,1,0,1
CARD|35|1|3|0|2,0,1,0,2
CARD|36|1|3|0|1,0,0,1,3
CARD|37|1|3|0|0,2,1,0,0
CARD|38|1|3|0|2,0,0,2,0
CARD|39|1|3|0|3,0,0,0,0
CARD|40|1|3|1|4,0,0,0,0
CARD|41|2|4|1|3,2,2,0,0
CARD|42|2|4|1|3,0,3,0,2
CARD|43|2|4|2|0,1,4,2,0
CARD|44|2|4|2|0,0,5,3,0
CARD|45|2|4|2|5,0,0,0,0
CARD|46|2|4|3|0,0,0,0,6
CARD|47|2|1|1|0,2,2,3,0
CARD|48|2|1|1|0,2,3,0,3
CARD|49|2|1|2|5,3,0,0,0
CARD|50|2|1|2|2,0,0,1,4
CARD|51|2|1|2|0,5,0,0,0
CARD|52|2|1|3|0,6,0,0,0
CARD|53|2|0|1|0,0,3,2,2
CARD|54|2|0|1|2,3,0,3,0
CARD|55|2|0|2|0,0,1,4,2
CARD|56|2|0|2|0,0,0,5,3
CARD|57|2|0|2|0,0,0,5,0
CARD|58|2|0|3|6,0,0,0,0
CARD|59|2|2|1|3,0,2,3,0
CARD|60|2|2|1|2,3,0,0,2
CARD|61|2|2|2|4,2,0,0,1
CARD|62|2|2|2|0,5,3,0,0
CARD|63|2|2|2|0,0,5,0,0
CARD|64|2|2|3|0,0,6,0,0
CARD|65|2|3|1|2,0,0,2,3
CARD|66|2|3|1|0,3,0,2,3
CARD|67|2|3|2|1,4,2,0,0
CARD|68|2|3|2|3,0,0,0,5
CARD|69|2|3|2|0,0,0,0,5
CARD|70|2|3|3|0,0,0,6,0
CARD|71|3|4|3|3,3,5,3,0
CARD|72|3|4|4|0,0,0,7,0
CARD|73|3|4|4|0,0,3,6,3
CARD|74|3|4|5|0,0,0,7,3
CARD|75|3|1|3|3,0,3,3,5
CARD|76|3|1|4|7,0,0,0,0
CARD|77|3|1|4|6,3,0,0,3
CARD|78|3|1|5|7,3,0,0,0
CARD|79|3|0|3|0,3,3,5,3
CARD|80|3|0|4|0,0,0,0,7
CARD|81|3|0|4|3,0,0,3,6
CARD|82|3|0|5|3,0,0,0,7
CARD|83|3|2|3|5,3,0,3,3
CARD|84|3|2|4|0,7,0,0,0
CARD|85|3|2|4|3,6,3,0,0
CARD|86|3|2|5|0,7,3,0,0
CARD|87|3|3|3|3,5,3,0,3
CARD|88|3|3|4|0,0,7,0,0
CARD|89|3|3|4|0,3,6,3,0
CARD|90|3|3|5|0,0,7,3,0
NOBLE|0|9|4,4,0,0,0
NOBLE|1|8|0,4,4,0,0
NOBLE|2|10|0,0,4,4,0
NOBLE|3|6|0,0,0,4,4
NOBLE|4|7|4,0,0,0,4
NOBLE|5|5|3,3,3,0,0
NOBLE|6|4|0,3,3,3,0
NOBLE|7|2|0,0,3,3,3
NOBLE|8|3|3,0,0,3,3
NOBLE|9|1|3,3,0,0,3
STATE|start|0|0|0|0|4,4,4,4,4,5|19,5,23,27,47,54,66,51,75,82,81,87|36,26,16|2,3,1
DIGEST|1fda26094a712378
PLAYER|0|0,0,0,0,0,0|0,0,0,0,0|0|||0
PLAYER|1|0,0,0,0,0,0|0,0,0,0,0|0|||0
DECK|0|31,4,25,24,32,10,18,38,2,34,13,17,6,14,3,36,39,16,21,30,20,7,12,1,40,15,26,8,9,11,37,28,35,29,33,22
NEXT|0|22
DECK|1|48,60,45,41,62,63,58,43,64,69,50,67,57,49,56,61,59,44,55,53,70,42,52,68,65,46
NEXT|1|46
DECK|2|73,72,83,77,79,74,78,86,76,90,84,85,80,89,71,88
NEXT|2|88
ACTION|1,1,1,0,0
AFTER_TAKE|15bf4a4066a5aeba
END
STATE|refill|0|0|4|0|2,4,0,0,2,5|19,5,23,27,47,54,66,51,75,82,81,87|36,26,16|2,3,1
DIGEST|6585f92e1305a364
PLAYER|0|1,0,2,2,1,0|0,0,0,0,0|0|||0
PLAYER|1|1,0,2,2,1,0|0,0,0,0,0|0|||0
DECK|0|20,8,29,39,36,31,22,9,15,34,4,1,7,18,11,2,35,30,26,12,13,21,3,37,24,25,33,10,38,40,6,28,32,17,14,16
NEXT|0|16
DECK|1|69,68,56,48,64,63,61,52,65,44,55,43,58,62,50,49,59,70,67,53,60,45,41,42,57,46
NEXT|1|46
DECK|2|88,83,90,85,84,71,77,79,72,89,78,74,76,73,86,80
NEXT|2|80
REFILL|1|16
ACTION|1,1,0,0,1
AFTER_TAKE|f1c3561e532748a6
END
STATE|mid|0|0|8|0|1,3,4,1,2,5|37,28,23,27,47,54,66,51,75,82,81,87|34,26,16|2,3,1
DIGEST|a240771d67829cb8
PLAYER|0|2,1,0,1,2,0|0,0,0,0,1|0|5||0
PLAYER|1|1,0,0,2,0,0|1,0,0,0,0|0|19||0
DECK|0|39,20,38,15,10,2,1,26,8,33,25,12,35,13,31,30,24,40,32,4,6,18,14,11,34,16,36,21,7,9,17,29,3,22
NEXT|0|22
DECK|1|68,50,65,45,60,41,49,46,44,61,48,67,56,63,43,59,69,58,53,52,42,55,70,57,62,64
NEXT|1|64
DECK|2|74,71,89,85,90,80,86,73,76,78,88,79,84,77,83,72
NEXT|2|72
ACTION|1,1,1,0,0
AFTER_TAKE|6fdb9630d5b2e1ec
END
STATE|late|0|0|20|0|2,3,2,3,3,5|2,28,15,27,46,54,66,51,75,82,81,87|29,25,16|2,3,1
DIGEST|00bf06303d98d7fb
PLAYER|0|2,1,2,1,0,0|0,0,1,2,1|0|5,26,36,37||0
PLAYER|1|0,0,0,0,1,0|2,1,0,1,0|1|19,23,39,47||0
DECK|0|40,18,33,22,17,38,35,6,20,14,13,9,25,34,7,29,32,16,24,1,8,30,3,4,31,11,12,10,21
NEXT|0|21
DECK|1|62,55,69,53,49,52,42,70,67,63,65,41,59,50,60,43,44,64,61,58,45,56,48,68,57
NEXT|1|57
DECK|2|90,84,76,88,73,86,80,74,85,83,89,72,71,79,78,77
NEXT|2|77
ACTION|1,1,1,0,0
AFTER_TAKE|c1e3a9a373318b81
END
