seed 0: [0, 0, 1, 0, 1, 1, 0]
seed 1: [0, 1, 1, 0, 0, 1, 0]
seed 2: [0, 1, 1, 0, 1, 0, 0]
seed 3: [0, 1, 1, 0, 0, 1, 0]
seed 4: [0, 1, 1, 0, 1, 0, 0]
seed 5: [0, 1, 1, 0, 0, 1, 0]
seed 6: [0, 1, 1, 0, 0, 1, 0]
seed 7: [0, 1, 1, 0, 1, 0, 0]
seed 8: [0, 1, 1, 0, 1, 0, 0]
seed 9: [0, 1, 1, 0, 0, 1, 0]
seed 10: [0, 1, 1, 0, 1, 0, 0]
seed 11: [0, 1, 1, 0, 0, 1, 0]
seed 12: [0, 1, 1, 0, 0, 1, 0]
seed 13: [0, 1, 1, 0, 0, 1, 0]
seed 14: [0, 1, 1, 0, 0, 1, 0]
seed 15: [0, 1, 1, 0, 0, 1, 0]
seed 16: [0, 1, 1, 0, 0, 1, 0]
seed 17: [0, 1, 1, 0, 1, 0, 0]
seed 18: [0, 1, 1, 0, 1, 0, 0]
seed 19: [0, 1, 1, 0, 0, 1, 0]
seed 20: [0, 1, 1, 0, 1, 0, 0]
seed 21: [0, 1, 1, 0, 0, 1, 0]
seed 22: [0, 1, 1, 0, 0, 1, 0]
seed 23: [0, 1, 1, 0, 0, 1, 0]
seed 24: [0, 1, 1, 0, 0, 1, 0]
seed 25: [0, 1, 1, 0, 1, 0, 0]
seed 26: [0, 1, 1, 0, 0, 1, 0]
seed 27: [0, 1, 1, 0, 1, 0, 0]
seed 28: [0, 1, 1, 0, 1, 0, 0]
seed 29: [0, 1, 1, 0, 0, 1, 0]
seed 30: [0, 1, 1, 0, 0, 1, 0]
seed 31: [0, 1, 1, 0, 1, 0, 0]
{"block":30,"rotation":1,"seed":811391511434643069,"seats":[1,0],"scores":[9,16],"ranks":[2,1],"winners":2,"turns":78,"decisions":122,"status":"complete","trajectory_hash":"eb14d69016dca880"}
