TRAJECTORY|sprint48-ahin-full-turn-v1|424287
SETUP_DECK|0|26,23,18,11,4,2,37,22,21,5,10,12,14,17,38,1,24,7,9,25,33,15,31,19,32,29,27,36,13,16,3,34,20,6,40,28,30,8,39,35
SETUP_DECK|1|61,53,66,48,52,63,70,49,46,45,59,57,69,58,60,62,56,41,55,44,43,67,64,54,50,68,47,65,42,51
SETUP_DECK|2|83,81,74,82,85,72,90,89,75,86,88,79,87,78,73,77,76,71,80,84
SETUP_NOBLES|3,8,1
START|68c97c0e0d45198e|S;2;0;0;0;0;B:4,4,4,4,4,5;M:26,23,18,11,61,53,66,48,83,81,74,82;D0:35,39,8,30,28,40,6,20,34,3,16,13,36,27,29,32,19,31,15,33,25,9,7,24,1,38,17,14,12,10,5,21,22,37,2,4;D1:51,42,65,47,68,50,54,64,67,43,44,55,41,56,62,60,58,69,57,59,45,46,49,70,63,52;D2:84,80,71,76,77,73,78,87,79,88,86,75,89,90,72,85;N:1,3,8;P0;T:0,0,0,0,0,0;B:0,0,0,0,0;S:0;O:;N:;R:;P1;T:0,0,0,0,0,0;B:0,0,0,0,0;S:0;O:;N:;R:;
TURN|0
ACTION|reserve_deck|0
ENDTURN|0|17e3393fad11c399|S;2;1;1;0;0;B:4,4,4,4,4,4;M:26,23,18,11,61,53,66,48,83,81,74,82;D0:35,39,8,30,28,40,6,20,34,3,16,13,36,27,29,32,19,31,15,33,25,9,7,24,1,38,17,14,12,10,5,21,22,37,2;D1:51,42,65,47,68,50,54,64,67,43,44,55,41,56,62,60,58,69,57,59,45,46,49,70,63,52;D2:84,80,71,76,77,73,78,87,79,88,86,75,89,90,72,85;N:1,3,8;P0;T:0,0,0,0,0,1;B:0,0,0,0,0;S:0;O:;N:;R:4:0:0;P1;T:0,0,0,0,0,0;B:0,0,0,0,0;S:0;O:;N:;R:;
TURN|1
ACTION|take|0,2,0,0,0
ENDTURN|1|d71c4d82b84569d9|S;2;0;2;0;0;B:4,2,4,4,4,4;M:26,23,18,11,61,53,66,48,83,81,74,82;D0:35,39,8,30,28,40,6,20,34,3,16,13,36,27,29,32,19,31,15,33,25,9,7,24,1,38,17,14,12,10,5,21,22,37,2;D1:51,42,65,47,68,50,54,64,67,43,44,55,41,56,62,60,58,69,57,59,45,46,49,70,63,52;D2:84,80,71,76,77,73,78,87,79,88,86,75,89,90,72,85;N:1,3,8;P0;T:0,0,0,0,0,1;B:0,0,0,0,0;S:0;O:;N:;R:4:0:0;P1;T:0,2,0,0,0,0;B:0,0,0,0,0;S:0;O:;N:;R:;
TURN|2
ACTION|reserve_visible|0
ENDTURN|2|fd9a7d7dd087e4af|S;2;1;3;0;0;B:4,2,4,4,4,3;M:2,23,18,11,61,53,66,48,83,81,74,82;D0:35,39,8,30,28,40,6,20,34,3,16,13,36,27,29,32,19,31,15,33,25,9,7,24,1,38,17,14,12,10,5,21,22,37;D1:51,42,65,47,68,50,54,64,67,43,44,55,41,56,62,60,58,69,57,59,45,46,49,70,63,52;D2:84,80,71,76,77,73,78,87,79,88,86,75,89,90,72,85;N:1,3,8;P0;T:0,0,0,0,0,2;B:0,0,0,0,0;S:0;O:;N:;R:4:0:0,26:0:1;P1;T:0,2,0,0,0,0;B:0,0,0,0,0;S:0;O:;N:;R:;
TURN|3
ACTION|take|1,1,1,0,0
ENDTURN|3|6196484f917e1595|S;2;0;4;0;0;B:3,1,3,4,4,3;M:2,23,18,11,61,53,66,48,83,81,74,82;D0:35,39,8,30,28,40,6,20,34,3,16,13,36,27,29,32,19,31,15,33,25,9,7,24,1,38,17,14,12,10,5,21,22,37;D1:51,42,65,47,68,50,54,64,67,43,44,55,41,56,62,60,58,69,57,59,45,46,49,70,63,52;D2:84,80,71,76,77,73,78,87,79,88,86,75,89,90,72,85;N:1,3,8;P0;T:0,0,0,0,0,2;B:0,0,0,0,0;S:0;O:;N:;R:4:0:0,26:0:1;P1;T:1,3,1,0,0,0;B:0,0,0,0,0;S:0;O:;N:;R:;
TURN|4
ACTION|take|1,1,1,0,0
ENDTURN|4|90e676ed00e68d4d|S;2;1;5;0;0;B:2,0,2,4,4,3;M:2,23,18,11,61,53,66,48,83,81,74,82;D0:35,39,8,30,28,40,6,20,34,3,16,13,36,27,29,32,19,31,15,33,25,9,7,24,1,38,17,14,12,10,5,21,22,37;D1:51,42,65,47,68,50,54,64,67,43,44,55,41,56,62,60,58,69,57,59,45,46,49,70,63,52;D2:84,80,71,76,77,73,78,87,79,88,86,75,89,90,72,85;N:1,3,8;P0;T:1,1,1,0,0,2;B:0,0,0,0,0;S:0;O:;N:;R:4:0:0,26:0:1;P1;T:1,3,1,0,0,0;B:0,0,0,0,0;S:0;O:;N:;R:;
TURN|5
ACTION|buy_visible|1
ACTION|pay|0,3,0,0,0
ENDTURN|5|71f878dc32d321db|S;2;0;6;0;0;B:2,3,2,4,4,3;M:2,37,18,11,61,53,66,48,83,81,74,82;D0:35,39,8,30,28,40,6,20,34,3,16,13,36,27,29,32,19,31,15,33,25,9,7,24,1,38,17,14,12,10,5,21,22;D1:51,42,65,47,68,50,54,64,67,43,44,55,41,56,62,60,58,69,57,59,45,46,49,70,63,52;D2:84,80,71,76,77,73,78,87,79,88,86,75,89,90,72,85;N:1,3,8;P0;T:1,1,1,0,0,2;B:0,0,0,0,0;S:0;O:;N:;R:4:0:0,26:0:1;P1;T:1,0,1,0,0,0;B:1,0,0,0,0;S:0;O:23;N:;R:;
TURN|6
ACTION|buy_visible|0
ACTION|pay|1,1,1,0,0
ENDTURN|6|c5d7b4cd5f9c0d27|S;2;1;7;0;0;B:3,4,3,4,4,5;M:22,37,18,11,61,53,66,48,83,81,74,82;D0:35,39,8,30,28,40,6,20,34,3,16,13,36,27,29,32,19,31,15,33,25,9,7,24,1,38,17,14,12,10,5,21;D1:51,42,65,47,68,50,54,64,67,43,44,55,41,56,62,60,58,69,57,59,45,46,49,70,63,52;D2:84,80,71,76,77,73,78,87,79,88,86,75,89,90,72,85;N:1,3,8;P0;T:0,0,0,0,0,0;B:0,0,0,0,1;S:0;O:2;N:;R:4:0:0,26:0:1;P1;T:1,0,1,0,0,0;B:1,0,0,0,0;S:0;O:23;N:;R:;
TURN|7
ACTION|take|0,2,0,0,0
ENDTURN|7|5d482a58fd54b6db|S;2;0;8;0;0;B:3,2,3,4,4,5;M:22,37,18,11,61,53,66,48,83,81,74,82;D0:35,39,8,30,28,40,6,20,34,3,16,13,36,27,29,32,19,31,15,33,25,9,7,24,1,38,17,14,12,10,5,21;D1:51,42,65,47,68,50,54,64,67,43,44,55,41,56,62,60,58,69,57,59,45,46,49,70,63,52;D2:84,80,71,76,77,73,78,87,79,88,86,75,89,90,72,85;N:1,3,8;P0;T:0,0,0,0,0,0;B:0,0,0,0,1;S:0;O:2;N:;R:4:0:0,26:0:1;P1;T:1,2,1,0,0,0;B:1,0,0,0,0;S:0;O:23;N:;R:;
TURN|8
ACTION|take|1,1,0,0,1
ENDTURN|8|449126f28c1a49ab|S;2;1;9;0;0;B:2,1,3,4,3,5;M:22,37,18,11,61,53,66,48,83,81,74,82;D0:35,39,8,30,28,40,6,20,34,3,16,13,36,27,29,32,19,31,15,33,25,9,7,24,1,38,17,14,12,10,5,21;D1:51,42,65,47,68,50,54,64,67,43,44,55,41,56,62,60,58,69,57,59,45,46,49,70,63,52;D2:84,80,71,76,77,73,78,87,79,88,86,75,89,90,72,85;N:1,3,8;P0;T:1,1,0,0,1,0;B:0,0,0,0,1;S:0;O:2;N:;R:4:0:0,26:0:1;P1;T:1,2,1,0,0,0;B:1,0,0,0,0;S:0;O:23;N:;R:;
TURN|9
ACTION|buy_visible|1
ACTION|pay|0,2,1,0,0
ENDTURN|9|10c9105c4c4fe3cb|S;2;0;10;0;0;B:2,3,4,4,3,5;M:22,21,18,11,61,53,66,48,83,81,74,82;D0:35,39,8,30,28,40,6,20,34,3,16,13,36,27,29,32,19,31,15,33,25,9,7,24,1,38,17,14,12,10,5;D1:51,42,65,47,68,50,54,64,67,43,44,55,41,56,62,60,58,69,57,59,45,46,49,70,63,52;D2:84,80,71,76,77,73,78,87,79,88,86,75,89,90,72,85;N:1,3,8;P0;T:1,1,0,0,1,0;B:0,0,0,0,1;S:0;O:2;N:;R:4:0:0,26:0:1;P1;T:1,0,0,0,0,0;B:1,0,0,1,0;S:0;O:23,37;N:;R:;
TURN|10
ACTION|take|0,0,0,2,0
ENDTURN|10|c95966b50e111839|S;2;1;11;0;0;B:2,3,4,2,3,5;M:22,21,18,11,61,53,66,48,83,81,74,82;D0:35,39,8,30,28,40,6,20,34,3,16,13,36,27,29,32,19,31,15,33,25,9,7,24,1,38,17,14,12,10,5;D1:51,42,65,47,68,50,54,64,67,43,44,55,41,56,62,60,58,69,57,59,45,46,49,70,63,52;D2:84,80,71,76,77,73,78,87,79,88,86,75,89,90,72,85;N:1,3,8;P0;T:1,1,0,2,1,0;B:0,0,0,0,1;S:0;O:2;N:;R:4:0:0,26:0:1;P1;T:1,0,0,0,0,0;B:1,0,0,1,0;S:0;O:23,37;N:;R:;
TURN|11
ACTION|take|1,0,0,1,1
ENDTURN|11|0c84c9b1ee8a6a4d|S;2;0;12;0;0;B:1,3,4,1,2,5;M:22,21,18,11,61,53,66,48,83,81,74,82;D0:35,39,8,30,28,40,6,20,34,3,16,13,36,27,29,32,19,31,15,33,25,9,7,24,1,38,17,14,12,10,5;D1:51,42,65,47,68,50,54,64,67,43,44,55,41,56,62,60,58,69,57,59,45,46,49,70,63,52;D2:84,80,71,76,77,73,78,87,79,88,86,75,89,90,72,85;N:1,3,8;P0;T:1,1,0,2,1,0;B:0,0,0,0,1;S:0;O:2;N:;R:4:0:0,26:0:1;P1;T:2,0,0,1,1,0;B:1,0,0,1,0;S:0;O:23,37;N:;R:;
TURN|12
ACTION|buy_visible|1
ACTION|pay|0,0,0,2,0
ENDTURN|12|c8b2798d46732155|S;2;1;13;0;0;B:1,3,4,3,2,5;M:22,5,18,11,61,53,66,48,83,81,74,82;D0:35,39,8,30,28,40,6,20,34,3,16,13,36,27,29,32,19,31,15,33,25,9,7,24,1,38,17,14,12,10;D1:51,42,65,47,68,50,54,64,67,43,44,55,41,56,62,60,58,69,57,59,45,46,49,70,63,52;D2:84,80,71,76,77,73,78,87,79,88,86,75,89,90,72,85;N:1,3,8;P0;T:1,1,0,0,1,0;B:1,0,0,0,1;S:0;O:2,21;N:;R:4:0:0,26:0:1;P1;T:2,0,0,1,1,0;B:1,0,0,1,0;S:0;O:23,37;N:;R:;
TURN|13
ACTION|take|0,0,2,0,0
ENDTURN|13|6343972a3a4795e9|S;2;0;14;0;0;B:1,3,2,3,2,5;M:22,5,18,11,61,53,66,48,83,81,74,82;D0:35,39,8,30,28,40,6,20,34,3,16,13,36,27,29,32,19,31,15,33,25,9,7,24,1,38,17,14,12,10;D1:51,42,65,47,68,50,54,64,67,43,44,55,41,56,62,60,58,69,57,59,45,46,49,70,63,52;D2:84,80,71,76,77,73,78,87,79,88,86,75,89,90,72,85;N:1,3,8;P0;T:1,1,0,0,1,0;B:1,0,0,0,1;S:0;O:2,21;N:;R:4:0:0,26:0:1;P1;T:2,0,2,1,1,0;B:1,0,0,1,0;S:0;O:23,37;N:;R:;
TURN|14
ACTION|take|1,1,1,0,0
ENDTURN|14|b7d51cf08d7b337b|S;2;1;15;0;0;B:0,2,1,3,2,5;M:22,5,18,11,61,53,66,48,83,81,74,82;D0:35,39,8,30,28,40,6,20,34,3,16,13,36,27,29,32,19,31,15,33,25,9,7,24,1,38,17,14,12,10;D1:51,42,65,47,68,50,54,64,67,43,44,55,41,56,62,60,58,69,57,59,45,46,49,70,63,52;D2:84,80,71,76,77,73,78,87,79,88,86,75,89,90,72,85;N:1,3,8;P0;T:2,2,1,0,1,0;B:1,0,0,0,1;S:0;O:2,21;N:;R:4:0:0,26:0:1;P1;T:2,0,2,1,1,0;B:1,0,0,1,0;S:0;O:23,37;N:;R:;
TURN|15
ACTION|buy_visible|1
ACTION|pay|0,0,2,0,0
ENDTURN|15|ffc70327d1b99481|S;2;0;16;0;0;B:0,2,3,3,2,5;M:22,10,18,11,61,53,66,48,83,81,74,82;D0:35,39,8,30,28,40,6,20,34,3,16,13,36,27,29,32,19,31,15,33,25,9,7,24,1,38,17,14,12;D1:51,42,65,47,68,50,54,64,67,43,44,55,41,56,62,60,58,69,57,59,45,46,49,70,63,52;D2:84,80,71,76,77,73,78,87,79,88,86,75,89,90,72,85;N:1,3,8;P0;T:2,2,1,0,1,0;B:1,0,0,0,1;S:0;O:2,21;N:;R:4:0:0,26:0:1;P1;T:2,0,0,1,1,0;B:1,0,0,1,1;S:0;O:5,23,37;N:;R:;
TURN|16
ACTION|buy_visible|0
ACTION|pay|0,2,0,0,1
ENDTURN|16|7aecf1927f5091a1|S;2;1;17;0;0;B:0,4,3,3,3,5;M:12,10,18,11,61,53,66,48,83,81,74,82;D0:35,39,8,30,28,40,6,20,34,3,16,13,36,27,29,32,19,31,15,33,25,9,7,24,1,38,17,14;D1:51,42,65,47,68,50,54,64,67,43,44,55,41,56,62,60,58,69,57,59,45,46,49,70,63,52;D2:84,80,71,76,77,73,78,87,79,88,86,75,89,90,72,85;N:1,3,8;P0;T:2,0,1,0,0,0;B:2,0,0,0,1;S:0;O:2,21,22;N:;R:4:0:0,26:0:1;P1;T:2,0,0,1,1,0;B:1,0,0,1,1;S:0;O:5,23,37;N:;R:;
TURN|17
ACTION|take|0,1,1,1,0
ENDTURN|17|857dccf3b6bc45af|S;2;0;18;0;0;B:0,3,2,2,3,5;M:12,10,18,11,61,53,66,48,83,81,74,82;D0:35,39,8,30,28,40,6,20,34,3,16,13,36,27,29,32,19,31,15,33,25,9,7,24,1,38,17,14;D1:51,42,65,47,68,50,54,64,67,43,44,55,41,56,62,60,58,69,57,59,45,46,49,70,63,52;D2:84,80,71,76,77,73,78,87,79,88,86,75,89,90,72,85;N:1,3,8;P0;T:2,0,1,0,0,0;B:2,0,0,0,1;S:0;O:2,21,22;N:;R:4:0:0,26:0:1;P1;T:2,1,1,2,1,0;B:1,0,0,1,1;S:0;O:5,23,37;N:;R:;
TURN|18
ACTION|take|0,1,1,1,0
ENDTURN|18|bb2c8fbb74dcb3b5|S;2;1;19;0;0;B:0,2,1,1,3,5;M:12,10,18,11,61,53,66,48,83,81,74,82;D0:35,39,8,30,28,40,6,20,34,3,16,13,36,27,29,32,19,31,15,33,25,9,7,24,1,38,17,14;D1:51,42,65,47,68,50,54,64,67,43,44,55,41,56,62,60,58,69,57,59,45,46,49,70,63,52;D2:84,80,71,76,77,73,78,87,79,88,86,75,89,90,72,85;N:1,3,8;P0;T:2,1,2,1,0,0;B:2,0,0,0,1;S:0;O:2,21,22;N:;R:4:0:0,26:0:1;P1;T:2,1,1,2,1,0;B:1,0,0,1,1;S:0;O:5,23,37;N:;R:;
TURN|19
ACTION|buy_visible|1
ACTION|pay|0,0,1,1,0
ENDTURN|19|9c917708c204d679|S;2;0;20;0;0;B:0,2,2,2,3,5;M:12,14,18,11,61,53,66,48,83,81,74,82;D0:35,39,8,30,28,40,6,20,34,3,16,13,36,27,29,32,19,31,15,33,25,9,7,24,1,38,17;D1:51,42,65,47,68,50,54,64,67,43,44,55,41,56,62,60,58,69,57,59,45,46,49,70,63,52;D2:84,80,71,76,77,73,78,87,79,88,86,75,89,90,72,85;N:1,3,8;P0;T:2,1,2,1,0,0;B:2,0,0,0,1;S:0;O:2,21,22;N:;R:4:0:0,26:0:1;P1;T:2,1,0,1,1,0;B:1,1,0,1,1;S:0;O:5,10,23,37;N:;R:;
TURN|20
ACTION|buy_visible|2
ACTION|pay|0,1,2,1,0
ENDTURN|20|9406e7c106b96543|S;2;1;21;0;0;B:0,3,4,3,3,5;M:12,14,17,11,61,53,66,48,83,81,74,82;D0:35,39,8,30,28,40,6,20,34,3,16,13,36,27,29,32,19,31,15,33,25,9,7,24,1,38;D1:51,42,65,47,68,50,54,64,67,43,44,55,41,56,62,60,58,69,57,59,45,46,49,70,63,52;D2:84,80,71,76,77,73,78,87,79,88,86,75,89,90,72,85;N:1,3,8;P0;T:2,0,0,0,0,0;B:3,0,0,0,1;S:0;O:2,18,21,22;N:;R:4:0:0,26:0:1;P1;T:2,1,0,1,1,0;B:1,1,0,1,1;S:0;O:5,10,23,37;N:;R:;
TURN|21
ACTION|take|0,1,1,1,0
ENDTURN|21|34af5c6692157629|S;2;0;22;0;0;B:0,2,3,2,3,5;M:12,14,17,11,61,53,66,48,83,81,74,82;D0:35,39,8,30,28,40,6,20,34,3,16,13,36,27,29,32,19,31,15,33,25,9,7,24,1,38;D1:51,42,65,47,68,50,54,64,67,43,44,55,41,56,62,60,58,69,57,59,45,46,49,70,63,52;D2:84,80,71,76,77,73,78,87,79,88,86,75,89,90,72,85;N:1,3,8;P0;T:2,0,0,0,0,0;B:3,0,0,0,1;S:0;O:2,18,21,22;N:;R:4:0:0,26:0:1;P1;T:2,2,1,2,1,0;B:1,1,0,1,1;S:0;O:5,10,23,37;N:;R:;
TURN|22
ACTION|take|0,1,1,0,1
ENDTURN|22|667518714898730b|S;2;1;23;0;0;B:0,1,2,2,2,5;M:12,14,17,11,61,53,66,48,83,81,74,82;D0:35,39,8,30,28,40,6,20,34,3,16,13,36,27,29,32,19,31,15,33,25,9,7,24,1,38;D1:51,42,65,47,68,50,54,64,67,43,44,55,41,56,62,60,58,69,57,59,45,46,49,70,63,52;D2:84,80,71,76,77,73,78,87,79,88,86,75,89,90,72,85;N:1,3,8;P0;T:2,1,1,0,1,0;B:3,0,0,0,1;S:0;O:2,18,21,22;N:;R:4:0:0,26:0:1;P1;T:2,2,1,2,1,0;B:1,1,0,1,1;S:0;O:5,10,23,37;N:;R:;
TURN|23
ACTION|buy_visible|2
ACTION|pay|0,0,1,0,0
ENDTURN|23|8394f5bc380f6267|S;2;0;24;0;0;B:0,1,3,2,2,5;M:12,14,38,11,61,53,66,48,83,81,74,82;D0:35,39,8,30,28,40,6,20,34,3,16,13,36,27,29,32,19,31,15,33,25,9,7,24,1;D1:51,42,65,47,68,50,54,64,67,43,44,55,41,56,62,60,58,69,57,59,45,46,49,70,63,52;D2:84,80,71,76,77,73,78,87,79,88,86,75,89,90,72,85;N:1,3,8;P0;T:2,1,1,0,1,0;B:3,0,0,0,1;S:0;O:2,18,21,22;N:;R:4:0:0,26:0:1;P1;T:2,2,0,2,1,0;B:2,1,0,1,1;S:0;O:5,10,17,23,37;N:;R:;
TURN|24
ACTION|take|0,1,1,1,0
ENDTURN|24|3443380a3879d4f1|S;2;1;25;0;0;B:0,0,2,1,2,5;M:12,14,38,11,61,53,66,48,83,81,74,82;D0:35,39,8,30,28,40,6,20,34,3,16,13,36,27,29,32,19,31,15,33,25,9,7,24,1;D1:51,42,65,47,68,50,54,64,67,43,44,55,41,56,62,60,58,69,57,59,45,46,49,70,63,52;D2:84,80,71,76,77,73,78,87,79,88,86,75,89,90,72,85;N:1,3,8;P0;T:2,2,2,1,1,0;B:3,0,0,0,1;S:0;O:2,18,21,22;N:;R:4:0:0,26:0:1;P1;T:2,2,0,2,1,0;B:2,1,0,1,1;S:0;O:5,10,17,23,37;N:;R:;
TURN|25
ACTION|buy_visible|2
ACTION|pay|0,0,0,1,0
ENDTURN|25|888debd562a7ed6b|S;2;0;26;0;0;B:0,0,2,2,2,5;M:12,14,1,11,61,53,66,48,83,81,74,82;D0:35,39,8,30,28,40,6,20,34,3,16,13,36,27,29,32,19,31,15,33,25,9,7,24;D1:51,42,65,47,68,50,54,64,67,43,44,55,41,56,62,60,58,69,57,59,45,46,49,70,63,52;D2:84,80,71,76,77,73,78,87,79,88,86,75,89,90,72,85;N:1,3,8;P0;T:2,2,2,1,1,0;B:3,0,0,0,1;S:0;O:2,18,21,22;N:;R:4:0:0,26:0:1;P1;T:2,2,0,1,1,0;B:2,1,0,2,1;S:0;O:5,10,17,23,37,38;N:;R:;
TURN|26
ACTION|buy_visible|1
ACTION|pay|0,0,2,0,1
ENDTURN|26|c13d491d23061563|S;2;1;27;0;0;B:0,0,4,2,3,5;M:12,24,1,11,61,53,66,48,83,81,74,82;D0:35,39,8,30,28,40,6,20,34,3,16,13,36,27,29,32,19,31,15,33,25,9,7;D1:51,42,65,47,68,50,54,64,67,43,44,55,41,56,62,60,58,69,57,59,45,46,49,70,63,52;D2:84,80,71,76,77,73,78,87,79,88,86,75,89,90,72,85;N:1,3,8;P0;T:2,2,0,1,0,0;B:3,1,0,0,1;S:0;O:2,14,18,21,22;N:;R:4:0:0,26:0:1;P1;T:2,2,0,1,1,0;B:2,1,0,2,1;S:0;O:5,10,17,23,37,38;N:;R:;
TURN|27
ACTION|buy_visible|4
ACTION|pay|2,1,0,0,0
ENDTURN|27|ebf826a1aae0d86f|S;2;0;28;0;0;B:2,1,4,2,3,5;M:12,24,1,11,52,53,66,48,83,81,74,82;D0:35,39,8,30,28,40,6,20,34,3,16,13,36,27,29,32,19,31,15,33,25,9,7;D1:51,42,65,47,68,50,54,64,67,43,44,55,41,56,62,60,58,69,57,59,45,46,49,70,63;D2:84,80,71,76,77,73,78,87,79,88,86,75,89,90,72,85;N:1,3,8;P0;T:2,2,0,1,0,0;B:3,1,0,0,1;S:0;O:2,14,18,21,22;N:;R:4:0:0,26:0:1;P1;T:0,1,0,1,1,0;B:2,1,1,2,1;S:2;O:5,10,17,23,37,38,61;N:;R:;
TURN|28
ACTION|take|1,1,1,0,0
ENDTURN|28|0b2afc5eae5e7cf7|S;2;1;29;0;0;B:1,0,3,2,3,5;M:12,24,1,11,52,53,66,48,83,81,74,82;D0:35,39,8,30,28,40,6,20,34,3,16,13,36,27,29,32,19,31,15,33,25,9,7;D1:51,42,65,47,68,50,54,64,67,43,44,55,41,56,62,60,58,69,57,59,45,46,49,70,63;D2:84,80,71,76,77,73,78,87,79,88,86,75,89,90,72,85;N:1,3,8;P0;T:3,3,1,1,0,0;B:3,1,0,0,1;S:0;O:2,14,18,21,22;N:;R:4:0:0,26:0:1;P1;T:0,1,0,1,1,0;B:2,1,1,2,1;S:2;O:5,10,17,23,37,38,61;N:;R:;
TURN|29
ACTION|buy_visible|2
ACTION|pay|0,0,0,0,0
ENDTURN|29|13ba95c0e281c307|S;2;0;30;0;0;B:1,0,3,2,3,5;M:12,24,7,11,52,53,66,48,83,81,74,82;D0:35,39,8,30,28,40,6,20,34,3,16,13,36,27,29,32,19,31,15,33,25,9;D1:51,42,65,47,68,50,54,64,67,43,44,55,41,56,62,60,58,69,57,59,45,46,49,70,63;D2:84,80,71,76,77,73,78,87,79,88,86,75,89,90,72,85;N:1,3,8;P0;T:3,3,1,1,0,0;B:3,1,0,0,1;S:0;O:2,14,18,21,22;N:;R:4:0:0,26:0:1;P1;T:0,1,0,1,1,0;B:2,1,1,2,2;S:2;O:1,5,10,17,23,37,38,61;N:;R:;
TURN|30
ACTION|take|1,0,1,1,0
ACTION|return|0,0,0,1,0,0
ENDTURN|30|3bc451000be18bbd|S;2;1;31;0;0;B:0,0,2,2,3,5;M:12,24,7,11,52,53,66,48,83,81,74,82;D0:35,39,8,30,28,40,6,20,34,3,16,13,36,27,29,32,19,31,15,33,25,9;D1:51,42,65,47,68,50,54,64,67,43,44,55,41,56,62,60,58,69,57,59,45,46,49,70,63;D2:84,80,71,76,77,73,78,87,79,88,86,75,89,90,72,85;N:1,3,8;P0;T:4,3,2,1,0,0;B:3,1,0,0,1;S:0;O:2,14,18,21,22;N:;R:4:0:0,26:0:1;P1;T:0,1,0,1,1,0;B:2,1,1,2,2;S:2;O:1,5,10,17,23,37,38,61;N:;R:;
TURN|31
ACTION|take|0,0,1,1,1
ENDTURN|31|bc3ac5f76fa65d2b|S;2;0;32;0;0;B:0,0,1,1,2,5;M:12,24,7,11,52,53,66,48,83,81,74,82;D0:35,39,8,30,28,40,6,20,34,3,16,13,36,27,29,32,19,31,15,33,25,9;D1:51,42,65,47,68,50,54,64,67,43,44,55,41,56,62,60,58,69,57,59,45,46,49,70,63;D2:84,80,71,76,77,73,78,87,79,88,86,75,89,90,72,85;N:1,3,8;P0;T:4,3,2,1,0,0;B:3,1,0,0,1;S:0;O:2,14,18,21,22;N:;R:4:0:0,26:0:1;P1;T:0,1,1,2,2,0;B:2,1,1,2,2;S:2;O:1,5,10,17,23,37,38,61;N:;R:;
TURN|32
ACTION|reserve_deck|0
ACTION|return|0,0,0,1,0,0
ENDTURN|32|824af228695f7614|S;2;1;33;0;0;B:0,0,1,2,2,4;M:12,24,7,11,52,53,66,48,83,81,74,82;D0:35,39,8,30,28,40,6,20,34,3,16,13,36,27,29,32,19,31,15,33,25;D1:51,42,65,47,68,50,54,64,67,43,44,55,41,56,62,60,58,69,57,59,45,46,49,70,63;D2:84,80,71,76,77,73,78,87,79,88,86,75,89,90,72,85;N:1,3,8;P0;T:4,3,2,0,0,1;B:3,1,0,0,1;S:0;O:2,14,18,21,22;N:;R:4:0:0,26:0:1,9:0:0;P1;T:0,1,1,2,2,0;B:2,1,1,2,2;S:2;O:1,5,10,17,23,37,38,61;N:;R:;
TURN|33
ACTION|buy_visible|3
ACTION|pay|0,0,1,0,0
ENDTURN|33|85d36a6cbe9bc8a4|S;2;0;34;0;0;B:0,0,2,2,2,4;M:12,24,7,25,52,53,66,48,83,81,74,82;D0:35,39,8,30,28,40,6,20,34,3,16,13,36,27,29,32,19,31,15,33;D1:51,42,65,47,68,50,54,64,67,43,44,55,41,56,62,60,58,69,57,59,45,46,49,70,63;D2:84,80,71,76,77,73,78,87,79,88,86,75,89,90,72,85;N:1,3,8;P0;T:4,3,2,0,0,1;B:3,1,0,0,1;S:0;O:2,14,18,21,22;N:;R:4:0:0,26:0:1,9:0:0;P1;T:0,1,0,2,2,0;B:2,2,1,2,2;S:2;O:1,5,10,11,17,23,37,38,61;N:;R:;
TURN|34
ACTION|buy_visible|2
ACTION|pay|0,0,2,0,0
ENDTURN|34|777e368e19adb7fe|S;2;1;35;0;0;B:0,0,4,2,2,5;M:12,24,33,25,52,53,66,48,83,81,74,82;D0:35,39,8,30,28,40,6,20,34,3,16,13,36,27,29,32,19,31,15;D1:51,42,65,47,68,50,54,64,67,43,44,55,41,56,62,60,58,69,57,59,45,46,49,70,63;D2:84,80,71,76,77,73,78,87,79,88,86,75,89,90,72,85;N:1,3,8;P0;T:4,3,0,0,0,0;B:3,1,0,0,2;S:0;O:2,7,14,18,21,22;N:;R:4:0:0,26:0:1,9:0:0;P1;T:0,1,0,2,2,0;B:2,2,1,2,2;S:2;O:1,5,10,11,17,23,37,38,61;N:;R:;
TURN|35
ACTION|buy_visible|2
ACTION|pay|0,0,0,0,0
ENDTURN|35|e39192e7fa9163b4|S;2;0;36;0;0;B:0,0,4,2,2,5;M:12,24,15,25,52,53,66,48,83,81,74,82;D0:35,39,8,30,28,40,6,20,34,3,16,13,36,27,29,32,19,31;D1:51,42,65,47,68,50,54,64,67,43,44,55,41,56,62,60,58,69,57,59,45,46,49,70,63;D2:84,80,71,76,77,73,78,87,79,88,86,75,89,90,72,85;N:1,3,8;P0;T:4,3,0,0,0,0;B:3,1,0,0,2;S:0;O:2,7,14,18,21,22;N:;R:4:0:0,26:0:1,9:0:0;P1;T:0,1,0,2,2,0;B:2,2,1,3,2;S:2;O:1,5,10,11,17,23,33,37,38,61;N:;R:;
TURN|36
ACTION|take|0,0,1,1,1
ENDTURN|36|efb960c743dff81e|S;2;1;37;0;0;B:0,0,3,1,1,5;M:12,24,15,25,52,53,66,48,83,81,74,82;D0:35,39,8,30,28,40,6,20,34,3,16,13,36,27,29,32,19,31;D1:51,42,65,47,68,50,54,64,67,43,44,55,41,56,62,60,58,69,57,59,45,46,49,70,63;D2:84,80,71,76,77,73,78,87,79,88,86,75,89,90,72,85;N:1,3,8;P0;T:4,3,1,1,1,0;B:3,1,0,0,2;S:0;O:2,7,14,18,21,22;N:;R:4:0:0,26:0:1,9:0:0;P1;T:0,1,0,2,2,0;B:2,2,1,3,2;S:2;O:1,5,10,11,17,23,33,37,38,61;N:;R:;
TURN|37
ACTION|buy_visible|2
ACTION|pay|0,0,0,0,1
ENDTURN|37|3fcb0de5764f9f80|S;2;0;38;0;0;B:0,0,3,1,2,5;M:12,24,31,25,52,53,66,48,83,81,74,82;D0:35,39,8,30,28,40,6,20,34,3,16,13,36,27,29,32,19;D1:51,42,65,47,68,50,54,64,67,43,44,55,41,56,62,60,58,69,57,59,45,46,49,70,63;D2:84,80,71,76,77,73,78,87,79,88,86,75,89,90,72,85;N:1,3,8;P0;T:4,3,1,1,1,0;B:3,1,0,0,2;S:0;O:2,7,14,18,21,22;N:;R:4:0:0,26:0:1,9:0:0;P1;T:0,1,0,2,1,0;B:2,3,1,3,2;S:2;O:1,5,10,11,15,17,23,33,37,38,61;N:;R:;
TURN|38
ACTION|buy_visible|3
ACTION|pay|0,0,0,1,0
ENDTURN|38|432a9a1f7808be4c|S;2;1;39;0;0;B:0,0,3,2,2,5;M:12,24,31,19,52,53,66,48,83,81,74,82;D0:35,39,8,30,28,40,6,20,34,3,16,13,36,27,29,32;D1:51,42,65,47,68,50,54,64,67,43,44,55,41,56,62,60,58,69,57,59,45,46,49,70,63;D2:84,80,71,76,77,73,78,87,79,88,86,75,89,90,72,85;N:1,3,8;P0;T:4,3,1,0,1,0;B:3,1,1,0,2;S:0;O:2,7,14,18,21,22,25;N:;R:4:0:0,26:0:1,9:0:0;P1;T:0,1,0,2,1,0;B:2,3,1,3,2;S:2;O:1,5,10,11,15,17,23,33,37,38,61;N:;R:;
TURN|39
ACTION|buy_visible|2
ACTION|pay|0,0,0,0,0
ENDTURN|39|4753862d629ac0d8|S;2;0;40;0;0;B:0,0,3,2,2,5;M:12,24,32,19,52,53,66,48,83,81,74,82;D0:35,39,8,30,28,40,6,20,34,3,16,13,36,27,29;D1:51,42,65,47,68,50,54,64,67,43,44,55,41,56,62,60,58,69,57,59,45,46,49,70,63;D2:84,80,71,76,77,73,78,87,79,88,86,75,89,90,72,85;N:1,3,8;P0;T:4,3,1,0,1,0;B:3,1,1,0,2;S:0;O:2,7,14,18,21,22,25;N:;R:4:0:0,26:0:1,9:0:0;P1;T:0,1,0,2,1,0;B:2,3,2,3,2;S:2;O:1,5,10,11,15,17,23,31,33,37,38,61;N:;R:;
TURN|40
ACTION|buy_visible|3
ACTION|pay|0,1,1,0,0
ENDTURN|40|46617b5c9ce9d6da|S;2;1;41;0;0;B:0,1,4,2,2,5;M:12,24,32,29,52,53,66,48,83,81,74,82;D0:35,39,8,30,28,40,6,20,34,3,16,13,36,27;D1:51,42,65,47,68,50,54,64,67,43,44,55,41,56,62,60,58,69,57,59,45,46,49,70,63;D2:84,80,71,76,77,73,78,87,79,88,86,75,89,90,72,85;N:1,3,8;P0;T:4,2,0,0,1,0;B:4,1,1,0,2;S:0;O:2,7,14,18,19,21,22,25;N:;R:4:0:0,26:0:1,9:0:0;P1;T:0,1,0,2,1,0;B:2,3,2,3,2;S:2;O:1,5,10,11,15,17,23,31,33,37,38,61;N:;R:;
TURN|41
ACTION|buy_visible|3
ACTION|pay|0,0,0,0,0
ENDTURN|41|e11dafb7aa9eda5a|S;2;0;42;0;0;B:0,1,4,2,2,5;M:12,24,32,27,52,53,66,48,83,81,74,82;D0:35,39,8,30,28,40,6,20,34,3,16,13,36;D1:51,42,65,47,68,50,54,64,67,43,44,55,41,56,62,60,58,69,57,59,45,46,49,70,63;D2:84,80,71,76,77,73,78,87,79,88,86,75,89,90,72,85;N:1,3,8;P0;T:4,2,0,0,1,0;B:4,1,1,0,2;S:0;O:2,7,14,18,19,21,22,25;N:;R:4:0:0,26:0:1,9:0:0;P1;T:0,1,0,2,1,0;B:2,3,3,3,2;S:2;O:1,5,10,11,15,17,23,29,31,33,37,38,61;N:;R:;
TURN|42
ACTION|take|0,1,1,0,1
ENDTURN|42|76e21df5aebafb80|S;2;1;43;0;0;B:0,0,3,2,1,5;M:12,24,32,27,52,53,66,48,83,81,74,82;D0:35,39,8,30,28,40,6,20,34,3,16,13,36;D1:51,42,65,47,68,50,54,64,67,43,44,55,41,56,62,60,58,69,57,59,45,46,49,70,63;D2:84,80,71,76,77,73,78,87,79,88,86,75,89,90,72,85;N:1,3,8;P0;T:4,3,1,0,2,0;B:4,1,1,0,2;S:0;O:2,7,14,18,19,21,22,25;N:;R:4:0:0,26:0:1,9:0:0;P1;T:0,1,0,2,1,0;B:2,3,3,3,2;S:2;O:1,5,10,11,15,17,23,29,31,33,37,38,61;N:;R:;
TURN|43
ACTION|buy_visible|0
ACTION|pay|0,0,0,0,0
ENDTURN|43|4902e61dbf7895a4|S;2;0;44;0;0;B:0,0,3,2,1,5;M:36,24,32,27,52,53,66,48,83,81,74,82;D0:35,39,8,30,28,40,6,20,34,3,16,13;D1:51,42,65,47,68,50,54,64,67,43,44,55,41,56,62,60,58,69,57,59,45,46,49,70,63;D2:84,80,71,76,77,73,78,87,79,88,86,75,89,90,72,85;N:1,3,8;P0;T:4,3,1,0,2,0;B:4,1,1,0,2;S:0;O:2,7,14,18,19,21,22,25;N:;R:4:0:0,26:0:1,9:0:0;P1;T:0,1,0,2,1,0;B:2,4,3,3,2;S:2;O:1,5,10,11,12,15,17,23,29,31,33,37,38,61;N:;R:;
TURN|44
ACTION|buy_visible|2
ACTION|pay|0,0,0,0,2
ENDTURN|44|99bde32cae3bed79|S;2;1;45;0;0;B:0,0,3,2,3,5;M:36,24,13,27,52,53,66,48,83,81,74,82;D0:35,39,8,30,28,40,6,20,34,3,16;D1:51,42,65,47,68,50,54,64,67,43,44,55,41,56,62,60,58,69,57,59,45,46,49,70,63;D2:84,80,71,76,77,73,78,87,79,88,86,75,89,90,72,85;N:1,3,8;P0;T:4,3,1,0,0,0;B:4,1,2,0,2;S:1;O:2,7,14,18,19,21,22,25,32;N:;R:4:0:0,26:0:1,9:0:0;P1;T:0,1,0,2,1,0;B:2,4,3,3,2;S:2;O:1,5,10,11,12,15,17,23,29,31,33,37,38,61;N:;R:;
TURN|45
ACTION|buy_visible|0
ACTION|pay|0,0,0,0,1
ENDTURN|45|5331aef9acf3c967|S;2;0;46;0;0;B:0,0,3,2,4,5;M:16,24,13,27,52,53,66,48,83,81,74,82;D0:35,39,8,30,28,40,6,20,34,3;D1:51,42,65,47,68,50,54,64,67,43,44,55,41,56,62,60,58,69,57,59,45,46,49,70,63;D2:84,80,71,76,77,73,78,87,79,88,86,75,89,90,72,85;N:1,3,8;P0;T:4,3,1,0,0,0;B:4,1,2,0,2;S:1;O:2,7,14,18,19,21,22,25,32;N:;R:4:0:0,26:0:1,9:0:0;P1;T:0,1,0,2,0,0;B:2,4,3,4,2;S:2;O:1,5,10,11,12,15,17,23,29,31,33,36,37,38,61;N:;R:;
TURN|46
ACTION|buy_visible|2
ACTION|pay|0,0,0,0,0
ENDTURN|46|28a792765b401711|S;2;1;47;0;0;B:0,0,3,2,4,5;M:16,24,3,27,52,53,66,48,83,81,74,82;D0:35,39,8,30,28,40,6,20,34;D1:51,42,65,47,68,50,54,64,67,43,44,55,41,56,62,60,58,69,57,59,45,46,49,70,63;D2:84,80,71,76,77,73,78,87,79,88,86,75,89,90,72,85;N:1,3,8;P0;T:4,3,1,0,0,0;B:4,2,2,0,2;S:1;O:2,7,13,14,18,19,21,22,25,32;N:;R:4:0:0,26:0:1,9:0:0;P1;T:0,1,0,2,0,0;B:2,4,3,4,2;S:2;O:1,5,10,11,12,15,17,23,29,31,33,36,37,38,61;N:;R:;
TURN|47
ACTION|buy_visible|0
ACTION|pay|0,0,0,0,0
ENDTURN|47|52f02e80ef30cde0|S;2;0;48;0;0;B:0,0,3,2,4,5;M:34,24,3,27,52,53,66,48,83,81,74,82;D0:35,39,8,30,28,40,6,20;D1:51,42,65,47,68,50,54,64,67,43,44,55,41,56,62,60,58,69,57,59,45,46,49,70,63;D2:84,80,71,76,77,73,78,87,79,88,86,75,89,90,72,85;N:1,3,8;P0;T:4,3,1,0,0,0;B:4,2,2,0,2;S:1;O:2,7,13,14,18,19,21,22,25,32;N:;R:4:0:0,26:0:1,9:0:0;P1;T:0,1,0,2,0,0;B:2,5,3,4,2;S:3;O:1,5,10,11,12,15,16,17,23,29,31,33,36,37,38,61;N:;R:;
TURN|48
ACTION|buy_visible|0
ACTION|pay|0,0,0,0,0
ENDTURN|48|290807c6b4dcecb6|S;2;1;49;0;0;B:0,0,3,2,4,5;M:20,24,3,27,52,53,66,48,83,81,74,82;D0:35,39,8,30,28,40,6;D1:51,42,65,47,68,50,54,64,67,43,44,55,41,56,62,60,58,69,57,59,45,46,49,70,63;D2:84,80,71,76,77,73,78,87,79,88,86,75,89,90,72,85;N:1,3,8;P0;T:4,3,1,0,0,0;B:4,2,2,1,2;S:1;O:2,7,13,14,18,19,21,22,25,32,34;N:;R:4:0:0,26:0:1,9:0:0;P1;T:0,1,0,2,0,0;B:2,5,3,4,2;S:3;O:1,5,10,11,12,15,16,17,23,29,31,33,36,37,38,61;N:;R:;
TURN|49
ACTION|buy_visible|2
ACTION|pay|0,0,0,0,0
ENDTURN|49|555f228c54d5c1a4|S;2;0;50;0;0;B:0,0,3,2,4,5;M:20,24,6,27,52,53,66,48,83,81,74,82;D0:35,39,8,30,28,40;D1:51,42,65,47,68,50,54,64,67,43,44,55,41,56,62,60,58,69,57,59,45,46,49,70,63;D2:84,80,71,76,77,73,78,87,79,88,86,75,89,90,72,85;N:1,3,8;P0;T:4,3,1,0,0,0;B:4,2,2,1,2;S:1;O:2,7,13,14,18,19,21,22,25,32,34;N:;R:4:0:0,26:0:1,9:0:0;P1;T:0,1,0,2,0,0;B:2,5,3,4,3;S:3;O:1,3,5,10,11,12,15,16,17,23,29,31,33,36,37,38,61;N:;R:;
TURN|50
ACTION|buy_visible|0
ACTION|pay|0,0,0,0,0
ENDTURN|50|a1d294f05f5bf860|S;2;1;51;0;0;B:0,0,3,2,4,5;M:40,24,6,27,52,53,66,48,83,81,74,82;D0:35,39,8,30,28;D1:51,42,65,47,68,50,54,64,67,43,44,55,41,56,62,60,58,69,57,59,45,46,49,70,63;D2:84,80,71,76,77,73,78,87,79,88,86,75,89,90,72,85;N:1,3,8;P0;T:4,3,1,0,0,0;B:5,2,2,1,2;S:1;O:2,7,13,14,18,19,20,21,22,25,32,34;N:;R:4:0:0,26:0:1,9:0:0;P1;T:0,1,0,2,0,0;B:2,5,3,4,3;S:3;O:1,3,5,10,11,12,15,16,17,23,29,31,33,36,37,38,61;N:;R:;
TURN|51
ACTION|buy_visible|2
ACTION|pay|0,0,0,0,0
ENDTURN|51|78d6be0244aaa760|S;2;0;52;0;0;B:0,0,3,2,4,5;M:40,24,28,27,52,53,66,48,83,81,74,82;D0:35,39,8,30;D1:51,42,65,47,68,50,54,64,67,43,44,55,41,56,62,60,58,69,57,59,45,46,49,70,63;D2:84,80,71,76,77,73,78,87,79,88,86,75,89,90,72,85;N:1,3,8;P0;T:4,3,1,0,0,0;B:5,2,2,1,2;S:1;O:2,7,13,14,18,19,20,21,22,25,32,34;N:;R:4:0:0,26:0:1,9:0:0;P1;T:0,1,0,2,0,0;B:2,5,3,4,4;S:3;O:1,3,5,6,10,11,12,15,16,17,23,29,31,33,36,37,38,61;N:;R:;
TURN|52
ACTION|buy_visible|0
ACTION|pay|0,0,0,0,0
ENDTURN|52|4ad6e094db8131a1|S;2;1;53;0;0;B:0,0,3,2,4,5;M:30,24,28,27,52,53,66,48,83,81,74,82;D0:35,39,8;D1:51,42,65,47,68,50,54,64,67,43,44,55,41,56,62,60,58,69,57,59,45,46,49,70,63;D2:84,80,71,76,77,73,78,87,79,88,86,75,89,90,72,85;N:1,3,8;P0;T:4,3,1,0,0,0;B:5,2,2,2,2;S:2;O:2,7,13,14,18,19,20,21,22,25,32,34,40;N:;R:4:0:0,26:0:1,9:0:0;P1;T:0,1,0,2,0,0;B:2,5,3,4,4;S:3;O:1,3,5,6,10,11,12,15,16,17,23,29,31,33,36,37,38,61;N:;R:;
TURN|53
ACTION|buy_visible|0
ACTION|pay|0,0,0,0,0
ENDTURN|53|186f3f7a8cf307a4|S;2;0;54;0;0;B:0,0,3,2,4,5;M:8,24,28,27,52,53,66,48,83,81,74,82;D0:35,39;D1:51,42,65,47,68,50,54,64,67,43,44,55,41,56,62,60,58,69,57,59,45,46,49,70,63;D2:84,80,71,76,77,73,78,87,79,88,86,75,89,90,72,85;N:1,3;P0;T:4,3,1,0,0,0;B:5,2,2,2,2;S:2;O:2,7,13,14,18,19,20,21,22,25,32,34,40;N:;R:4:0:0,26:0:1,9:0:0;P1;T:0,1,0,2,0,0;B:2,5,4,4,4;S:6;O:1,3,5,6,10,11,12,15,16,17,23,29,30,31,33,36,37,38,61;N:8;R:;
TURN|54
ACTION|buy_visible|0
ACTION|pay|0,2,0,0,0
ENDTURN|54|682b577e3e65bd51|S;2;1;55;0;0;B:0,2,3,2,4,5;M:39,24,28,27,52,53,66,48,83,81,74,82;D0:35;D1:51,42,65,47,68,50,54,64,67,43,44,55,41,56,62,60,58,69,57,59,45,46,49,70,63;D2:84,80,71,76,77,73,78,87,79,88,86,75,89,90,72,85;N:1,3;P0;T:4,1,1,0,0,0;B:5,2,2,2,3;S:3;O:2,7,8,13,14,18,19,20,21,22,25,32,34,40;N:;R:4:0:0,26:0:1,9:0:0;P1;T:0,1,0,2,0,0;B:2,5,4,4,4;S:6;O:1,3,5,6,10,11,12,15,16,17,23,29,30,31,33,36,37,38,61;N:8;R:;
TURN|55
ACTION|buy_visible|1
ACTION|pay|0,0,0,0,0
ACTION|noble|8
ENDTURN|55|4a99a7448aed7bf7|S;2;0;56;0;0;B:0,2,3,2,4,5;M:39,35,28,27,52,53,66,48,83,81,74,82;D0:;D1:51,42,65,47,68,50,54,64,67,43,44,55,41,56,62,60,58,69,57,59,45,46,49,70,63;D2:84,80,71,76,77,73,78,87,79,88,86,75,89,90,72,85;N:1;P0;T:4,1,1,0,0,0;B:5,2,2,2,3;S:3;O:2,7,8,13,14,18,19,20,21,22,25,32,34,40;N:;R:4:0:0,26:0:1,9:0:0;P1;T:0,1,0,2,0,0;B:3,5,4,4,4;S:10;O:1,3,5,6,10,11,12,15,16,17,23,24,29,30,31,33,36,37,38,61;N:3,8;R:;
TURN|56
ACTION|buy_visible|0
ACTION|pay|0,0,0,0,0
ENDTURN|56|9d9c0ec4d4e6208d|S;2;1;57;0;0;B:0,2,3,2,4,5;M:0,35,28,27,52,53,66,48,83,81,74,82;D0:;D1:51,42,65,47,68,50,54,64,67,43,44,55,41,56,62,60,58,69,57,59,45,46,49,70,63;D2:84,80,71,76,77,73,78,87,79,88,86,75,89,90,72,85;N:1;P0;T:4,1,1,0,0,0;B:5,2,2,3,3;S:3;O:2,7,8,13,14,18,19,20,21,22,25,32,34,39,40;N:;R:4:0:0,26:0:1,9:0:0;P1;T:0,1,0,2,0,0;B:3,5,4,4,4;S:10;O:1,3,5,6,10,11,12,15,16,17,23,24,29,30,31,33,36,37,38,61;N:3,8;R:;
TURN|57
ACTION|buy_visible|1
ACTION|pay|0,0,0,0,0
ENDTURN|57|5f4429399c9d031c|S;2;0;58;0;0;B:0,2,3,2,4,5;M:0,0,28,27,52,53,66,48,83,81,74,82;D0:;D1:51,42,65,47,68,50,54,64,67,43,44,55,41,56,62,60,58,69,57,59,45,46,49,70,63;D2:84,80,71,76,77,73,78,87,79,88,86,75,89,90,72,85;N:;P0;T:4,1,1,0,0,0;B:5,2,2,3,3;S:3;O:2,7,8,13,14,18,19,20,21,22,25,32,34,39,40;N:;R:4:0:0,26:0:1,9:0:0;P1;T:0,1,0,2,0,0;B:3,5,4,5,4;S:13;O:1,3,5,6,10,11,12,15,16,17,23,24,29,30,31,33,35,36,37,38,61;N:1,3,8;R:;
TURN|58
ACTION|buy_visible|2
ACTION|pay|0,1,0,0,0
ENDTURN|58|391c3cd217d9f6c8|S;2;1;59;0;0;B:0,3,3,2,4,5;M:0,0,0,27,52,53,66,48,83,81,74,82;D0:;D1:51,42,65,47,68,50,54,64,67,43,44,55,41,56,62,60,58,69,57,59,45,46,49,70,63;D2:84,80,71,76,77,73,78,87,79,88,86,75,89,90,72,85;N:;P0;T:4,0,1,0,0,0;B:5,2,3,3,3;S:3;O:2,7,8,13,14,18,19,20,21,22,25,28,32,34,39,40;N:;R:4:0:0,26:0:1,9:0:0;P1;T:0,1,0,2,0,0;B:3,5,4,5,4;S:13;O:1,3,5,6,10,11,12,15,16,17,23,24,29,30,31,33,35,36,37,38,61;N:1,3,8;R:;
TURN|59
ACTION|buy_visible|3
ACTION|pay|0,0,0,0,0
ENDTURN|59|1baa028c87bbefd4|S;2;0;60;0;0;B:0,3,3,2,4,5;M:0,0,0,0,52,53,66,48,83,81,74,82;D0:;D1:51,42,65,47,68,50,54,64,67,43,44,55,41,56,62,60,58,69,57,59,45,46,49,70,63;D2:84,80,71,76,77,73,78,87,79,88,86,75,89,90,72,85;N:;P0;T:4,0,1,0,0,0;B:5,2,3,3,3;S:3;O:2,7,8,13,14,18,19,20,21,22,25,28,32,34,39,40;N:;R:4:0:0,26:0:1,9:0:0;P1;T:0,1,0,2,0,0;B:3,5,5,5,4;S:13;O:1,3,5,6,10,11,12,15,16,17,23,24,27,29,30,31,33,35,36,37,38,61;N:1,3,8;R:;
TURN|60
ACTION|buy_visible|5
ACTION|pay|0,0,0,0,0
ENDTURN|60|73c8d554303e3b03|S;2;1;61;0;0;B:0,3,3,2,4,5;M:0,0,0,0,52,63,66,48,83,81,74,82;D0:;D1:51,42,65,47,68,50,54,64,67,43,44,55,41,56,62,60,58,69,57,59,45,46,49,70;D2:84,80,71,76,77,73,78,87,79,88,86,75,89,90,72,85;N:;P0;T:4,0,1,0,0,0;B:6,2,3,3,3;S:4;O:2,7,8,13,14,18,19,20,21,22,25,28,32,34,39,40,53;N:;R:4:0:0,26:0:1,9:0:0;P1;T:0,1,0,2,0,0;B:3,5,5,5,4;S:13;O:1,3,5,6,10,11,12,15,16,17,23,24,27,29,30,31,33,35,36,37,38,61;N:1,3,8;R:;
TURN|61
ACTION|buy_visible|4
ACTION|pay|0,1,0,0,0
ENDTURN|61|2211aaaaa70efc43|S;2;0;62;1;4;B:0,4,3,2,4,5;M:0,0,0,0,70,63,66,48,83,81,74,82;D0:;D1:51,42,65,47,68,50,54,64,67,43,44,55,41,56,62,60,58,69,57,59,45,46,49;D2:84,80,71,76,77,73,78,87,79,88,86,75,89,90,72,85;N:;P0;T:4,0,1,0,0,0;B:6,2,3,3,3;S:4;O:2,7,8,13,14,18,19,20,21,22,25,28,32,34,39,40,53;N:;R:4:0:0,26:0:1,9:0:0;P1;T:0,0,0,2,0,0;B:3,6,5,5,4;S:16;O:1,3,5,6,10,11,12,15,16,17,23,24,27,29,30,31,33,35,36,37,38,52,61;N:1,3,8;R:;
END|complete|62|2211aaaaa70efc43|S;2;0;62;1;4;B:0,4,3,2,4,5;M:0,0,0,0,70,63,66,48,83,81,74,82;D0:;D1:51,42,65,47,68,50,54,64,67,43,44,55,41,56,62,60,58,69,57,59,45,46,49;D2:84,80,71,76,77,73,78,87,79,88,86,75,89,90,72,85;N:;P0;T:4,0,1,0,0,0;B:6,2,3,3,3;S:4;O:2,7,8,13,14,18,19,20,21,22,25,28,32,34,39,40,53;N:;R:4:0:0,26:0:1,9:0:0;P1;T:0,0,0,2,0,0;B:3,6,5,5,4;S:16;O:1,3,5,6,10,11,12,15,16,17,23,24,27,29,30,31,33,35,36,37,38,52,61;N:1,3,8;R:;
