TRAJECTORY|sprint48-ahin-full-turn-v1|424268
SETUP_DECK|0|1,20,26,21,25,3,30,37,24,10,9,39,31,14,27,36,33,4,32,6,29,8,2,11,28,23,13,34,5,7,38,16,18,15,12,17,19,35,22,40
SETUP_DECK|1|50,47,70,52,49,41,61,59,53,60,42,45,46,65,43,51,56,63,66,68,58,67,44,64,55,54,62,69,48,57
SETUP_DECK|2|86,79,89,80,71,90,87,85,81,72,82,84,77,83,76,74,73,78,88,75
SETUP_NOBLES|1,4,6
START|2fa4b9f7f26dfba7|S;2;0;0;0;0;B:4,4,4,4,4,5;M:1,20,26,21,50,47,70,52,86,79,89,80;D0:40,22,35,19,17,12,15,18,16,38,7,5,34,13,23,28,11,2,8,29,6,32,4,33,36,27,14,31,39,9,10,24,37,30,3,25;D1:57,48,69,62,54,55,64,44,67,58,68,66,63,56,51,43,65,46,45,42,60,53,59,61,41,49;D2:75,88,78,73,74,76,83,77,84,82,72,81,85,87,90,71;N:1,4,6;P0;T:0,0,0,0,0,0;B:0,0,0,0,0;S:0;O:;N:;R:;P1;T:0,0,0,0,0,0;B:0,0,0,0,0;S:0;O:;N:;R:;
TURN|0
ACTION|reserve_deck|0
ENDTURN|0|df0021b21f1063dc|S;2;1;1;0;0;B:4,4,4,4,4,4;M:1,20,26,21,50,47,70,52,86,79,89,80;D0:40,22,35,19,17,12,15,18,16,38,7,5,34,13,23,28,11,2,8,29,6,32,4,33,36,27,14,31,39,9,10,24,37,30,3;D1:57,48,69,62,54,55,64,44,67,58,68,66,63,56,51,43,65,46,45,42,60,53,59,61,41,49;D2:75,88,78,73,74,76,83,77,84,82,72,81,85,87,90,71;N:1,4,6;P0;T:0,0,0,0,0,1;B:0,0,0,0,0;S:0;O:;N:;R:25:0:0;P1;T:0,0,0,0,0,0;B:0,0,0,0,0;S:0;O:;N:;R:;
TURN|1
ACTION|take|1,0,0,1,1
ENDTURN|1|5ba0cf01670eb878|S;2;0;2;0;0;B:3,4,4,3,3,4;M:1,20,26,21,50,47,70,52,86,79,89,80;D0:40,22,35,19,17,12,15,18,16,38,7,5,34,13,23,28,11,2,8,29,6,32,4,33,36,27,14,31,39,9,10,24,37,30,3;D1:57,48,69,62,54,55,64,44,67,58,68,66,63,56,51,43,65,46,45,42,60,53,59,61,41,49;D2:75,88,78,73,74,76,83,77,84,82,72,81,85,87,90,71;N:1,4,6;P0;T:0,0,0,0,0,1;B:0,0,0,0,0;S:0;O:;N:;R:25:0:0;P1;T:1,0,0,1,1,0;B:0,0,0,0,0;S:0;O:;N:;R:;
TURN|2
ACTION|reserve_visible|0
ENDTURN|2|45331580b5e684e0|S;2;1;3;0;0;B:3,4,4,3,3,3;M:3,20,26,21,50,47,70,52,86,79,89,80;D0:40,22,35,19,17,12,15,18,16,38,7,5,34,13,23,28,11,2,8,29,6,32,4,33,36,27,14,31,39,9,10,24,37,30;D1:57,48,69,62,54,55,64,44,67,58,68,66,63,56,51,43,65,46,45,42,60,53,59,61,41,49;D2:75,88,78,73,74,76,83,77,84,82,72,81,85,87,90,71;N:1,4,6;P0;T:0,0,0,0,0,2;B:0,0,0,0,0;S:0;O:;N:;R:25:0:0,1:0:1;P1;T:1,0,0,1,1,0;B:0,0,0,0,0;S:0;O:;N:;R:;
TURN|3
ACTION|take|1,1,0,1,0
ENDTURN|3|4102e7dbdee422f6|S;2;0;4;0;0;B:2,3,4,2,3,3;M:3,20,26,21,50,47,70,52,86,79,89,80;D0:40,22,35,19,17,12,15,18,16,38,7,5,34,13,23,28,11,2,8,29,6,32,4,33,36,27,14,31,39,9,10,24,37,30;D1:57,48,69,62,54,55,64,44,67,58,68,66,63,56,51,43,65,46,45,42,60,53,59,61,41,49;D2:75,88,78,73,74,76,83,77,84,82,72,81,85,87,90,71;N:1,4,6;P0;T:0,0,0,0,0,2;B:0,0,0,0,0;S:0;O:;N:;R:25:0:0,1:0:1;P1;T:2,1,0,2,1,0;B:0,0,0,0,0;S:0;O:;N:;R:;
TURN|4
ACTION|take|1,0,0,1,1
ENDTURN|4|2a853e60b4de56be|S;2;1;5;0;0;B:1,3,4,1,2,3;M:3,20,26,21,50,47,70,52,86,79,89,80;D0:40,22,35,19,17,12,15,18,16,38,7,5,34,13,23,28,11,2,8,29,6,32,4,33,36,27,14,31,39,9,10,24,37,30;D1:57,48,69,62,54,55,64,44,67,58,68,66,63,56,51,43,65,46,45,42,60,53,59,61,41,49;D2:75,88,78,73,74,76,83,77,84,82,72,81,85,87,90,71;N:1,4,6;P0;T:1,0,0,1,1,2;B:0,0,0,0,0;S:0;O:;N:;R:25:0:0,1:0:1;P1;T:2,1,0,2,1,0;B:0,0,0,0,0;S:0;O:;N:;R:;
TURN|5
ACTION|buy_visible|3
ACTION|pay|0,0,0,2,1
ENDTURN|5|e811e7334766c0a2|S;2;0;6;0;0;B:1,3,4,3,3,3;M:3,20,26,30,50,47,70,52,86,79,89,80;D0:40,22,35,19,17,12,15,18,16,38,7,5,34,13,23,28,11,2,8,29,6,32,4,33,36,27,14,31,39,9,10,24,37;D1:57,48,69,62,54,55,64,44,67,58,68,66,63,56,51,43,65,46,45,42,60,53,59,61,41,49;D2:75,88,78,73,74,76,83,77,84,82,72,81,85,87,90,71;N:1,4,6;P0;T:1,0,0,1,1,2;B:0,0,0,0,0;S:0;O:;N:;R:25:0:0,1:0:1;P1;T:2,1,0,0,0,0;B:1,0,0,0,0;S:0;O:21;N:;R:;
TURN|6
ACTION|buy_visible|2
ACTION|pay|1,0,0,1,1
ENDTURN|6|d723e0c35fb65b62|S;2;1;7;0;0;B:2,3,4,4,4,5;M:3,20,37,30,50,47,70,52,86,79,89,80;D0:40,22,35,19,17,12,15,18,16,38,7,5,34,13,23,28,11,2,8,29,6,32,4,33,36,27,14,31,39,9,10,24;D1:57,48,69,62,54,55,64,44,67,58,68,66,63,56,51,43,65,46,45,42,60,53,59,61,41,49;D2:75,88,78,73,74,76,83,77,84,82,72,81,85,87,90,71;N:1,4,6;P0;T:0,0,0,0,0,0;B:0,0,1,0,0;S:0;O:26;N:;R:25:0:0,1:0:1;P1;T:2,1,0,0,0,0;B:1,0,0,0,0;S:0;O:21;N:;R:;
TURN|7
ACTION|take|1,1,1,0,0
ENDTURN|7|07c6d45a04a4dbae|S;2;0;8;0;0;B:1,2,3,4,4,5;M:3,20,37,30,50,47,70,52,86,79,89,80;D0:40,22,35,19,17,12,15,18,16,38,7,5,34,13,23,28,11,2,8,29,6,32,4,33,36,27,14,31,39,9,10,24;D1:57,48,69,62,54,55,64,44,67,58,68,66,63,56,51,43,65,46,45,42,60,53,59,61,41,49;D2:75,88,78,73,74,76,83,77,84,82,72,81,85,87,90,71;N:1,4,6;P0;T:0,0,0,0,0,0;B:0,0,1,0,0;S:0;O:26;N:;R:25:0:0,1:0:1;P1;T:3,2,1,0,0,0;B:1,0,0,0,0;S:0;O:21;N:;R:;
TURN|8
ACTION|take|1,1,1,0,0
ENDTURN|8|c788dfecb1b5df64|S;2;1;9;0;0;B:0,1,2,4,4,5;M:3,20,37,30,50,47,70,52,86,79,89,80;D0:40,22,35,19,17,12,15,18,16,38,7,5,34,13,23,28,11,2,8,29,6,32,4,33,36,27,14,31,39,9,10,24;D1:57,48,69,62,54,55,64,44,67,58,68,66,63,56,51,43,65,46,45,42,60,53,59,61,41,49;D2:75,88,78,73,74,76,83,77,84,82,72,81,85,87,90,71;N:1,4,6;P0;T:1,1,1,0,0,0;B:0,0,1,0,0;S:0;O:26;N:;R:25:0:0,1:0:1;P1;T:3,2,1,0,0,0;B:1,0,0,0,0;S:0;O:21;N:;R:;
TURN|9
ACTION|buy_visible|2
ACTION|pay|0,2,1,0,0
ENDTURN|9|6205aa7af3762c32|S;2;0;10;0;0;B:0,3,3,4,4,5;M:3,20,24,30,50,47,70,52,86,79,89,80;D0:40,22,35,19,17,12,15,18,16,38,7,5,34,13,23,28,11,2,8,29,6,32,4,33,36,27,14,31,39,9,10;D1:57,48,69,62,54,55,64,44,67,58,68,66,63,56,51,43,65,46,45,42,60,53,59,61,41,49;D2:75,88,78,73,74,76,83,77,84,82,72,81,85,87,90,71;N:1,4,6;P0;T:1,1,1,0,0,0;B:0,0,1,0,0;S:0;O:26;N:;R:25:0:0,1:0:1;P1;T:3,0,0,0,0,0;B:1,0,0,1,0;S:0;O:21,37;N:;R:;
TURN|10
ACTION|take|0,1,1,1,0
ENDTURN|10|48f5f7500fed9340|S;2;1;11;0;0;B:0,2,2,3,4,5;M:3,20,24,30,50,47,70,52,86,79,89,80;D0:40,22,35,19,17,12,15,18,16,38,7,5,34,13,23,28,11,2,8,29,6,32,4,33,36,27,14,31,39,9,10;D1:57,48,69,62,54,55,64,44,67,58,68,66,63,56,51,43,65,46,45,42,60,53,59,61,41,49;D2:75,88,78,73,74,76,83,77,84,82,72,81,85,87,90,71;N:1,4,6;P0;T:1,2,2,1,0,0;B:0,0,1,0,0;S:0;O:26;N:;R:25:0:0,1:0:1;P1;T:3,0,0,0,0,0;B:1,0,0,1,0;S:0;O:21,37;N:;R:;
TURN|11
ACTION|take|0,1,1,1,0
ENDTURN|11|8c8eeea44896787a|S;2;0;12;0;0;B:0,1,1,2,4,5;M:3,20,24,30,50,47,70,52,86,79,89,80;D0:40,22,35,19,17,12,15,18,16,38,7,5,34,13,23,28,11,2,8,29,6,32,4,33,36,27,14,31,39,9,10;D1:57,48,69,62,54,55,64,44,67,58,68,66,63,56,51,43,65,46,45,42,60,53,59,61,41,49;D2:75,88,78,73,74,76,83,77,84,82,72,81,85,87,90,71;N:1,4,6;P0;T:1,2,2,1,0,0;B:0,0,1,0,0;S:0;O:26;N:;R:25:0:0,1:0:1;P1;T:3,1,1,1,0,0;B:1,0,0,1,0;S:0;O:21,37;N:;R:;
TURN|12
ACTION|buy_reserved|1
ACTION|pay|1,1,0,1,0
ENDTURN|12|0b2a409123435dfa|S;2;1;13;0;0;B:1,2,1,3,4,5;M:3,20,24,30,50,47,70,52,86,79,89,80;D0:40,22,35,19,17,12,15,18,16,38,7,5,34,13,23,28,11,2,8,29,6,32,4,33,36,27,14,31,39,9,10;D1:57,48,69,62,54,55,64,44,67,58,68,66,63,56,51,43,65,46,45,42,60,53,59,61,41,49;D2:75,88,78,73,74,76,83,77,84,82,72,81,85,87,90,71;N:1,4,6;P0;T:0,1,2,0,0,0;B:0,0,1,0,1;S:0;O:1,26;N:;R:25:0:0;P1;T:3,1,1,1,0,0;B:1,0,0,1,0;S:0;O:21,37;N:;R:;
TURN|13
ACTION|take|1,1,1,0,0
ENDTURN|13|973d0ddbc7b2d618|S;2;0;14;0;0;B:0,1,0,3,4,5;M:3,20,24,30,50,47,70,52,86,79,89,80;D0:40,22,35,19,17,12,15,18,16,38,7,5,34,13,23,28,11,2,8,29,6,32,4,33,36,27,14,31,39,9,10;D1:57,48,69,62,54,55,64,44,67,58,68,66,63,56,51,43,65,46,45,42,60,53,59,61,41,49;D2:75,88,78,73,74,76,83,77,84,82,72,81,85,87,90,71;N:1,4,6;P0;T:0,1,2,0,0,0;B:0,0,1,0,1;S:0;O:1,26;N:;R:25:0:0;P1;T:4,2,2,1,0,0;B:1,0,0,1,0;S:0;O:21,37;N:;R:;
TURN|14
ACTION|take|0,1,0,1,1
ENDTURN|14|41c23c49ce3ba8d0|S;2;1;15;0;0;B:0,0,0,2,3,5;M:3,20,24,30,50,47,70,52,86,79,89,80;D0:40,22,35,19,17,12,15,18,16,38,7,5,34,13,23,28,11,2,8,29,6,32,4,33,36,27,14,31,39,9,10;D1:57,48,69,62,54,55,64,44,67,58,68,66,63,56,51,43,65,46,45,42,60,53,59,61,41,49;D2:75,88,78,73,74,76,83,77,84,82,72,81,85,87,90,71;N:1,4,6;P0;T:0,2,2,1,1,0;B:0,0,1,0,1;S:0;O:1,26;N:;R:25:0:0;P1;T:4,2,2,1,0,0;B:1,0,0,1,0;S:0;O:21,37;N:;R:;
TURN|15
ACTION|buy_visible|0
ACTION|pay|1,2,0,0,0
ENDTURN|15|02d84c45f81a01d6|S;2;0;16;0;0;B:1,2,0,2,3,5;M:10,20,24,30,50,47,70,52,86,79,89,80;D0:40,22,35,19,17,12,15,18,16,38,7,5,34,13,23,28,11,2,8,29,6,32,4,33,36,27,14,31,39,9;D1:57,48,69,62,54,55,64,44,67,58,68,66,63,56,51,43,65,46,45,42,60,53,59,61,41,49;D2:75,88,78,73,74,76,83,77,84,82,72,81,85,87,90,71;N:1,4,6;P0;T:0,2,2,1,1,0;B:0,0,1,0,1;S:0;O:1,26;N:;R:25:0:0;P1;T:3,0,2,1,0,0;B:1,0,0,1,1;S:0;O:3,21,37;N:;R:;
TURN|16
ACTION|take|1,1,0,1,0
ENDTURN|16|594d35bc72bd9574|S;2;1;17;0;0;B:0,1,0,1,3,5;M:10,20,24,30,50,47,70,52,86,79,89,80;D0:40,22,35,19,17,12,15,18,16,38,7,5,34,13,23,28,11,2,8,29,6,32,4,33,36,27,14,31,39,9;D1:57,48,69,62,54,55,64,44,67,58,68,66,63,56,51,43,65,46,45,42,60,53,59,61,41,49;D2:75,88,78,73,74,76,83,77,84,82,72,81,85,87,90,71;N:1,4,6;P0;T:1,3,2,2,1,0;B:0,0,1,0,1;S:0;O:1,26;N:;R:25:0:0;P1;T:3,0,2,1,0,0;B:1,0,0,1,1;S:0;O:3,21,37;N:;R:;
TURN|17
ACTION|buy_visible|0
ACTION|pay|0,0,1,1,0
ENDTURN|17|d8915148fa4937ca|S;2;0;18;0;0;B:0,1,1,2,3,5;M:9,20,24,30,50,47,70,52,86,79,89,80;D0:40,22,35,19,17,12,15,18,16,38,7,5,34,13,23,28,11,2,8,29,6,32,4,33,36,27,14,31,39;D1:57,48,69,62,54,55,64,44,67,58,68,66,63,56,51,43,65,46,45,42,60,53,59,61,41,49;D2:75,88,78,73,74,76,83,77,84,82,72,81,85,87,90,71;N:1,4,6;P0;T:1,3,2,2,1,0;B:0,0,1,0,1;S:0;O:1,26;N:;R:25:0:0;P1;T:3,0,1,0,0,0;B:1,1,0,1,1;S:0;O:3,10,21,37;N:;R:;
TURN|18
ACTION|buy_visible|0
ACTION|pay|1,0,0,1,0
ENDTURN|18|a6ab2ee912ad6510|S;2;1;19;0;0;B:1,1,1,3,3,5;M:39,20,24,30,50,47,70,52,86,79,89,80;D0:40,22,35,19,17,12,15,18,16,38,7,5,34,13,23,28,11,2,8,29,6,32,4,33,36,27,14,31;D1:57,48,69,62,54,55,64,44,67,58,68,66,63,56,51,43,65,46,45,42,60,53,59,61,41,49;D2:75,88,78,73,74,76,83,77,84,82,72,81,85,87,90,71;N:1,4,6;P0;T:0,3,2,1,1,0;B:0,1,1,0,1;S:0;O:1,9,26;N:;R:25:0:0;P1;T:3,0,1,0,0,0;B:1,1,0,1,1;S:0;O:3,10,21,37;N:;R:;
TURN|19
ACTION|buy_visible|0
ACTION|pay|2,0,0,0,0
ENDTURN|19|9d5b2adc75a8aebc|S;2;0;20;0;0;B:3,1,1,3,3,5;M:31,20,24,30,50,47,70,52,86,79,89,80;D0:40,22,35,19,17,12,15,18,16,38,7,5,34,13,23,28,11,2,8,29,6,32,4,33,36,27,14;D1:57,48,69,62,54,55,64,44,67,58,68,66,63,56,51,43,65,46,45,42,60,53,59,61,41,49;D2:75,88,78,73,74,76,83,77,84,82,72,81,85,87,90,71;N:1,4,6;P0;T:0,3,2,1,1,0;B:0,1,1,0,1;S:0;O:1,9,26;N:;R:25:0:0;P1;T:1,0,1,0,0,0;B:1,1,0,2,1;S:0;O:3,10,21,37,39;N:;R:;
TURN|20
ACTION|take|1,1,0,1,0
ENDTURN|20|200dfdcc18543b10|S;2;1;21;0;0;B:2,0,1,2,3,5;M:31,20,24,30,50,47,70,52,86,79,89,80;D0:40,22,35,19,17,12,15,18,16,38,7,5,34,13,23,28,11,2,8,29,6,32,4,33,36,27,14;D1:57,48,69,62,54,55,64,44,67,58,68,66,63,56,51,43,65,46,45,42,60,53,59,61,41,49;D2:75,88,78,73,74,76,83,77,84,82,72,81,85,87,90,71;N:1,4,6;P0;T:1,4,2,2,1,0;B:0,1,1,0,1;S:0;O:1,9,26;N:;R:25:0:0;P1;T:1,0,1,0,0,0;B:1,1,0,2,1;S:0;O:3,10,21,37,39;N:;R:;
TURN|21
ACTION|take|1,0,1,1,0
ENDTURN|21|88785617ce391068|S;2;0;22;0;0;B:1,0,0,1,3,5;M:31,20,24,30,50,47,70,52,86,79,89,80;D0:40,22,35,19,17,12,15,18,16,38,7,5,34,13,23,28,11,2,8,29,6,32,4,33,36,27,14;D1:57,48,69,62,54,55,64,44,67,58,68,66,63,56,51,43,65,46,45,42,60,53,59,61,41,49;D2:75,88,78,73,74,76,83,77,84,82,72,81,85,87,90,71;N:1,4,6;P0;T:1,4,2,2,1,0;B:0,1,1,0,1;S:0;O:1,9,26;N:;R:25:0:0;P1;T:2,0,2,1,0,0;B:1,1,0,2,1;S:0;O:3,10,21,37,39;N:;R:;
TURN|22
ACTION|buy_visible|3
ACTION|pay|0,1,0,2,0
ENDTURN|22|f0e57c9f264b1ae8|S;2;1;23;0;0;B:1,1,0,3,3,5;M:31,20,24,14,50,47,70,52,86,79,89,80;D0:40,22,35,19,17,12,15,18,16,38,7,5,34,13,23,28,11,2,8,29,6,32,4,33,36,27;D1:57,48,69,62,54,55,64,44,67,58,68,66,63,56,51,43,65,46,45,42,60,53,59,61,41,49;D2:75,88,78,73,74,76,83,77,84,82,72,81,85,87,90,71;N:1,4,6;P0;T:1,3,2,0,1,0;B:0,1,2,0,1;S:0;O:1,9,26,30;N:;R:25:0:0;P1;T:2,0,2,1,0,0;B:1,1,0,2,1;S:0;O:3,10,21,37,39;N:;R:;
TURN|23
ACTION|buy_visible|0
ACTION|pay|0,0,0,1,0
ENDTURN|23|c4cabea895e4b004|S;2;0;24;0;0;B:1,1,0,4,3,5;M:27,20,24,14,50,47,70,52,86,79,89,80;D0:40,22,35,19,17,12,15,18,16,38,7,5,34,13,23,28,11,2,8,29,6,32,4,33,36;D1:57,48,69,62,54,55,64,44,67,58,68,66,63,56,51,43,65,46,45,42,60,53,59,61,41,49;D2:75,88,78,73,74,76,83,77,84,82,72,81,85,87,90,71;N:1,4,6;P0;T:1,3,2,0,1,0;B:0,1,2,0,1;S:0;O:1,9,26,30;N:;R:25:0:0;P1;T:2,0,2,0,0,0;B:1,1,1,2,1;S:0;O:3,10,21,31,37,39;N:;R:;
TURN|24
ACTION|buy_visible|2
ACTION|pay|0,0,2,0,0
ENDTURN|24|8edcb46ed9c66203|S;2;1;25;0;0;B:1,1,2,4,3,5;M:27,20,36,14,50,47,70,52,86,79,89,80;D0:40,22,35,19,17,12,15,18,16,38,7,5,34,13,23,28,11,2,8,29,6,32,4,33;D1:57,48,69,62,54,55,64,44,67,58,68,66,63,56,51,43,65,46,45,42,60,53,59,61,41,49;D2:75,88,78,73,74,76,83,77,84,82,72,81,85,87,90,71;N:1,4,6;P0;T:1,3,0,0,1,0;B:1,1,2,0,1;S:1;O:1,9,24,26,30;N:;R:25:0:0;P1;T:2,0,2,0,0,0;B:1,1,1,2,1;S:0;O:3,10,21,31,37,39;N:;R:;
TURN|25
ACTION|buy_visible|1
ACTION|pay|2,0,0,0,0
ENDTURN|25|1e8c53158f360529|S;2;0;26;0;0;B:3,1,2,4,3,5;M:27,33,36,14,50,47,70,52,86,79,89,80;D0:40,22,35,19,17,12,15,18,16,38,7,5,34,13,23,28,11,2,8,29,6,32,4;D1:57,48,69,62,54,55,64,44,67,58,68,66,63,56,51,43,65,46,45,42,60,53,59,61,41,49;D2:75,88,78,73,74,76,83,77,84,82,72,81,85,87,90,71;N:1,4,6;P0;T:1,3,0,0,1,0;B:1,1,2,0,1;S:1;O:1,9,24,26,30;N:;R:25:0:0;P1;T:0,0,2,0,0,0;B:2,1,1,2,1;S:0;O:3,10,20,21,31,37,39;N:;R:;
TURN|26
ACTION|buy_visible|1
ACTION|pay|0,0,0,0,0
ENDTURN|26|2d38b96192bc3a29|S;2;1;27;0;0;B:3,1,2,4,3,5;M:27,4,36,14,50,47,70,52,86,79,89,80;D0:40,22,35,19,17,12,15,18,16,38,7,5,34,13,23,28,11,2,8,29,6,32;D1:57,48,69,62,54,55,64,44,67,58,68,66,63,56,51,43,65,46,45,42,60,53,59,61,41,49;D2:75,88,78,73,74,76,83,77,84,82,72,81,85,87,90,71;N:1,4,6;P0;T:1,3,0,0,1,0;B:1,1,2,1,1;S:1;O:1,9,24,26,30,33;N:;R:25:0:0;P1;T:0,0,2,0,0,0;B:2,1,1,2,1;S:0;O:3,10,20,21,31,37,39;N:;R:;
TURN|27
ACTION|take|1,1,0,0,1
ENDTURN|27|7c1e964554e58dfb|S;2;0;28;0;0;B:2,0,2,4,2,5;M:27,4,36,14,50,47,70,52,86,79,89,80;D0:40,22,35,19,17,12,15,18,16,38,7,5,34,13,23,28,11,2,8,29,6,32;D1:57,48,69,62,54,55,64,44,67,58,68,66,63,56,51,43,65,46,45,42,60,53,59,61,41,49;D2:75,88,78,73,74,76,83,77,84,82,72,81,85,87,90,71;N:1,4,6;P0;T:1,3,0,0,1,0;B:1,1,2,1,1;S:1;O:1,9,24,26,30,33;N:;R:25:0:0;P1;T:1,1,2,0,1,0;B:2,1,1,2,1;S:0;O:3,10,20,21,31,37,39;N:;R:;
TURN|28
ACTION|buy_visible|3
ACTION|pay|0,0,0,0,1
ENDTURN|28|00313a5d61a954e9|S;2;1;29;0;0;B:2,0,2,4,3,5;M:27,4,36,32,50,47,70,52,86,79,89,80;D0:40,22,35,19,17,12,15,18,16,38,7,5,34,13,23,28,11,2,8,29,6;D1:57,48,69,62,54,55,64,44,67,58,68,66,63,56,51,43,65,46,45,42,60,53,59,61,41,49;D2:75,88,78,73,74,76,83,77,84,82,72,81,85,87,90,71;N:1,4,6;P0;T:1,3,0,0,0,0;B:1,2,2,1,1;S:1;O:1,9,14,24,26,30,33;N:;R:25:0:0;P1;T:1,1,2,0,1,0;B:2,1,1,2,1;S:0;O:3,10,20,21,31,37,39;N:;R:;
TURN|29
ACTION|buy_visible|0
ACTION|pay|0,0,0,0,1
ENDTURN|29|dfd743b4fe358fa3|S;2;0;30;0;0;B:2,0,2,4,4,5;M:6,4,36,32,50,47,70,52,86,79,89,80;D0:40,22,35,19,17,12,15,18,16,38,7,5,34,13,23,28,11,2,8,29;D1:57,48,69,62,54,55,64,44,67,58,68,66,63,56,51,43,65,46,45,42,60,53,59,61,41,49;D2:75,88,78,73,74,76,83,77,84,82,72,81,85,87,90,71;N:1,4,6;P0;T:1,3,0,0,0,0;B:1,2,2,1,1;S:1;O:1,9,14,24,26,30,33;N:;R:25:0:0;P1;T:1,1,2,0,0,0;B:2,1,2,2,1;S:0;O:3,10,20,21,27,31,37,39;N:;R:;
TURN|30
ACTION|buy_visible|0
ACTION|pay|1,0,0,0,0
ENDTURN|30|113079f9cbd3784b|S;2;1;31;0;0;B:3,0,2,4,4,5;M:29,4,36,32,50,47,70,52,86,79,89,80;D0:40,22,35,19,17,12,15,18,16,38,7,5,34,13,23,28,11,2,8;D1:57,48,69,62,54,55,64,44,67,58,68,66,63,56,51,43,65,46,45,42,60,53,59,61,41,49;D2:75,88,78,73,74,76,83,77,84,82,72,81,85,87,90,71;N:1,4,6;P0;T:0,3,0,0,0,0;B:1,2,2,1,2;S:1;O:1,6,9,14,24,26,30,33;N:;R:25:0:0;P1;T:1,1,2,0,0,0;B:2,1,2,2,1;S:0;O:3,10,20,21,27,31,37,39;N:;R:;
TURN|31
ACTION|buy_visible|0
ACTION|pay|0,0,0,0,0
ENDTURN|31|33c606523fb96ee1|S;2;0;32;0;0;B:3,0,2,4,4,5;M:8,4,36,32,50,47,70,52,86,79,89,80;D0:40,22,35,19,17,12,15,18,16,38,7,5,34,13,23,28,11,2;D1:57,48,69,62,54,55,64,44,67,58,68,66,63,56,51,43,65,46,45,42,60,53,59,61,41,49;D2:75,88,78,73,74,76,83,77,84,82,72,81,85,87,90,71;N:1,4,6;P0;T:0,3,0,0,0,0;B:1,2,2,1,2;S:1;O:1,6,9,14,24,26,30,33;N:;R:25:0:0;P1;T:1,1,2,0,0,0;B:2,1,3,2,1;S:0;O:3,10,20,21,27,29,31,37,39;N:;R:;
TURN|32
ACTION|buy_visible|0
ACTION|pay|0,2,0,0,0
ENDTURN|32|f7fc5909cc539c9c|S;2;1;33;0;0;B:3,2,2,4,4,5;M:2,4,36,32,50,47,70,52,86,79,89,80;D0:40,22,35,19,17,12,15,18,16,38,7,5,34,13,23,28,11;D1:57,48,69,62,54,55,64,44,67,58,68,66,63,56,51,43,65,46,45,42,60,53,59,61,41,49;D2:75,88,78,73,74,76,83,77,84,82,72,81,85,87,90,71;N:1,4,6;P0;T:0,1,0,0,0,0;B:1,2,2,1,3;S:2;O:1,6,8,9,14,24,26,30,33;N:;R:25:0:0;P1;T:1,1,2,0,0,0;B:2,1,3,2,1;S:0;O:3,10,20,21,27,29,31,37,39;N:;R:;
TURN|33
ACTION|buy_visible|0
ACTION|pay|0,1,0,0,0
ENDTURN|33|b7000101f0244ee8|S;2;0;34;0;0;B:3,3,2,4,4,5;M:11,4,36,32,50,47,70,52,86,79,89,80;D0:40,22,35,19,17,12,15,18,16,38,7,5,34,13,23,28;D1:57,48,69,62,54,55,64,44,67,58,68,66,63,56,51,43,65,46,45,42,60,53,59,61,41,49;D2:75,88,78,73,74,76,83,77,84,82,72,81,85,87,90,71;N:1,4,6;P0;T:0,1,0,0,0,0;B:1,2,2,1,3;S:2;O:1,6,8,9,14,24,26,30,33;N:;R:25:0:0;P1;T:1,0,2,0,0,0;B:2,1,3,2,2;S:0;O:2,3,10,20,21,27,29,31,37,39;N:;R:;
TURN|34
ACTION|buy_visible|2
ACTION|pay|0,0,0,0,0
ENDTURN|34|c6942e3670673c14|S;2;1;35;0;0;B:3,3,2,4,4,5;M:11,4,28,32,50,47,70,52,86,79,89,80;D0:40,22,35,19,17,12,15,18,16,38,7,5,34,13,23;D1:57,48,69,62,54,55,64,44,67,58,68,66,63,56,51,43,65,46,45,42,60,53,59,61,41,49;D2:75,88,78,73,74,76,83,77,84,82,72,81,85,87,90,71;N:1,4,6;P0;T:0,1,0,0,0,0;B:1,2,2,2,3;S:2;O:1,6,8,9,14,24,26,30,33,36;N:;R:25:0:0;P1;T:1,0,2,0,0,0;B:2,1,3,2,2;S:0;O:2,3,10,20,21,27,29,31,37,39;N:;R:;
TURN|35
ACTION|buy_visible|0
ACTION|pay|0,0,0,0,0
ENDTURN|35|bbb831f1d31ad736|S;2;0;36;0;0;B:3,3,2,4,4,5;M:23,4,28,32,50,47,70,52,86,79,89,80;D0:40,22,35,19,17,12,15,18,16,38,7,5,34,13;D1:57,48,69,62,54,55,64,44,67,58,68,66,63,56,51,43,65,46,45,42,60,53,59,61,41,49;D2:75,88,78,73,74,76,83,77,84,82,72,81,85,87,90,71;N:1,4,6;P0;T:0,1,0,0,0,0;B:1,2,2,2,3;S:2;O:1,6,8,9,14,24,26,30,33,36;N:;R:25:0:0;P1;T:1,0,2,0,0,0;B:2,2,3,2,2;S:0;O:2,3,10,11,20,21,27,29,31,37,39;N:;R:;
TURN|36
ACTION|buy_visible|0
ACTION|pay|0,1,0,0,0
ENDTURN|36|b6b78fa597578876|S;2;1;37;0;0;B:3,4,2,4,4,5;M:13,4,28,32,50,47,70,52,86,79,89,80;D0:40,22,35,19,17,12,15,18,16,38,7,5,34;D1:57,48,69,62,54,55,64,44,67,58,68,66,63,56,51,43,65,46,45,42,60,53,59,61,41,49;D2:75,88,78,73,74,76,83,77,84,82,72,81,85,87,90,71;N:1,4,6;P0;T:0,0,0,0,0,0;B:2,2,2,2,3;S:2;O:1,6,8,9,14,23,24,26,30,33,36;N:;R:25:0:0;P1;T:1,0,2,0,0,0;B:2,2,3,2,2;S:0;O:2,3,10,11,20,21,27,29,31,37,39;N:;R:;
TURN|37
ACTION|buy_visible|0
ACTION|pay|0,0,0,0,0
ENDTURN|37|25f2854774347498|S;2;0;38;0;0;B:3,4,2,4,4,5;M:34,4,28,32,50,47,70,52,86,79,89,80;D0:40,22,35,19,17,12,15,18,16,38,7,5;D1:57,48,69,62,54,55,64,44,67,58,68,66,63,56,51,43,65,46,45,42,60,53,59,61,41,49;D2:75,88,78,73,74,76,83,77,84,82,72,81,85,87,90,71;N:1,4,6;P0;T:0,0,0,0,0,0;B:2,2,2,2,3;S:2;O:1,6,8,9,14,23,24,26,30,33,36;N:;R:25:0:0;P1;T:1,0,2,0,0,0;B:2,3,3,2,2;S:0;O:2,3,10,11,13,20,21,27,29,31,37,39;N:;R:;
TURN|38
ACTION|buy_visible|0
ACTION|pay|0,0,0,0,0
ENDTURN|38|c29a375e2dab49d6|S;2;1;39;0;0;B:3,4,2,4,4,5;M:5,4,28,32,50,47,70,52,86,79,89,80;D0:40,22,35,19,17,12,15,18,16,38,7;D1:57,48,69,62,54,55,64,44,67,58,68,66,63,56,51,43,65,46,45,42,60,53,59,61,41,49;D2:75,88,78,73,74,76,83,77,84,82,72,81,85,87,90,71;N:1,4,6;P0;T:0,0,0,0,0,0;B:2,2,2,3,3;S:2;O:1,6,8,9,14,23,24,26,30,33,34,36;N:;R:25:0:0;P1;T:1,0,2,0,0,0;B:2,3,3,2,2;S:0;O:2,3,10,11,13,20,21,27,29,31,37,39;N:;R:;
TURN|39
ACTION|buy_visible|0
ACTION|pay|0,0,0,0,0
ENDTURN|39|133fe2c1995ce988|S;2;0;40;0;0;B:3,4,2,4,4,5;M:7,4,28,32,50,47,70,52,86,79,89,80;D0:40,22,35,19,17,12,15,18,16,38;D1:57,48,69,62,54,55,64,44,67,58,68,66,63,56,51,43,65,46,45,42,60,53,59,61,41,49;D2:75,88,78,73,74,76,83,77,84,82,72,81,85,87,90,71;N:1,4,6;P0;T:0,0,0,0,0,0;B:2,2,2,3,3;S:2;O:1,6,8,9,14,23,24,26,30,33,34,36;N:;R:25:0:0;P1;T:1,0,2,0,0,0;B:2,3,3,2,3;S:0;O:2,3,5,10,11,13,20,21,27,29,31,37,39;N:;R:;
TURN|40
ACTION|buy_visible|1
ACTION|pay|0,0,0,0,0
ENDTURN|40|0a80de4bd4926b78|S;2;1;41;0;0;B:3,4,2,4,4,5;M:7,38,28,32,50,47,70,52,86,79,89,80;D0:40,22,35,19,17,12,15,18,16;D1:57,48,69,62,54,55,64,44,67,58,68,66,63,56,51,43,65,46,45,42,60,53,59,61,41,49;D2:75,88,78,73,74,76,83,77,84,82,72,81,85,87,90,71;N:1,4,6;P0;T:0,0,0,0,0,0;B:2,2,2,3,4;S:2;O:1,4,6,8,9,14,23,24,26,30,33,34,36;N:;R:25:0:0;P1;T:1,0,2,0,0,0;B:2,3,3,2,3;S:0;O:2,3,5,10,11,13,20,21,27,29,31,37,39;N:;R:;
TURN|41
ACTION|buy_visible|0
ACTION|pay|0,0,0,0,0
ENDTURN|41|58b490bf493a3fa8|S;2;0;42;0;0;B:3,4,2,4,4,5;M:16,38,28,32,50,47,70,52,86,79,89,80;D0:40,22,35,19,17,12,15,18;D1:57,48,69,62,54,55,64,44,67,58,68,66,63,56,51,43,65,46,45,42,60,53,59,61,41,49;D2:75,88,78,73,74,76,83,77,84,82,72,81,85,87,90,71;N:1,4,6;P0;T:0,0,0,0,0,0;B:2,2,2,3,4;S:2;O:1,4,6,8,9,14,23,24,26,30,33,34,36;N:;R:25:0:0;P1;T:1,0,2,0,0,0;B:2,3,3,2,4;S:0;O:2,3,5,7,10,11,13,20,21,27,29,31,37,39;N:;R:;
TURN|42
ACTION|buy_visible|1
ACTION|pay|0,0,0,0,0
ENDTURN|42|51a424a09675ed61|S;2;1;43;0;0;B:3,4,2,4,4,5;M:16,18,28,32,50,47,70,52,86,79,89,80;D0:40,22,35,19,17,12,15;D1:57,48,69,62,54,55,64,44,67,58,68,66,63,56,51,43,65,46,45,42,60,53,59,61,41,49;D2:75,88,78,73,74,76,83,77,84,82,72,81,85,87,90,71;N:1,4;P0;T:0,0,0,0,0,0;B:2,2,2,4,4;S:5;O:1,4,6,8,9,14,23,24,26,30,33,34,36,38;N:6;R:25:0:0;P1;T:1,0,2,0,0,0;B:2,3,3,2,4;S:0;O:2,3,5,7,10,11,13,20,21,27,29,31,37,39;N:;R:;
TURN|43
ACTION|buy_visible|1
ACTION|pay|0,0,0,0,0
ENDTURN|43|05a643446ff5ede0|S;2;0;44;0;0;B:3,4,2,4,4,5;M:16,15,28,32,50,47,70,52,86,79,89,80;D0:40,22,35,19,17,12;D1:57,48,69,62,54,55,64,44,67,58,68,66,63,56,51,43,65,46,45,42,60,53,59,61,41,49;D2:75,88,78,73,74,76,83,77,84,82,72,81,85,87,90,71;N:4;P0;T:0,0,0,0,0,0;B:2,2,2,4,4;S:5;O:1,4,6,8,9,14,23,24,26,30,33,34,36,38;N:6;R:25:0:0;P1;T:1,0,2,0,0,0;B:3,3,3,2,4;S:3;O:2,3,5,7,10,11,13,18,20,21,27,29,31,37,39;N:1;R:;
TURN|44
ACTION|buy_visible|0
ACTION|pay|0,0,0,0,0
ENDTURN|44|6045f9010b31b925|S;2;1;45;0;0;B:3,4,2,4,4,5;M:12,15,28,32,50,47,70,52,86,79,89,80;D0:40,22,35,19,17;D1:57,48,69,62,54,55,64,44,67,58,68,66,63,56,51,43,65,46,45,42,60,53,59,61,41,49;D2:75,88,78,73,74,76,83,77,84,82,72,81,85,87,90,71;N:4;P0;T:0,0,0,0,0,0;B:2,3,2,4,4;S:6;O:1,4,6,8,9,14,16,23,24,26,30,33,34,36,38;N:6;R:25:0:0;P1;T:1,0,2,0,0,0;B:3,3,3,2,4;S:3;O:2,3,5,7,10,11,13,18,20,21,27,29,31,37,39;N:1;R:;
TURN|45
ACTION|buy_visible|0
ACTION|pay|0,0,0,0,0
ENDTURN|45|6b73c4ba0380915f|S;2;0;46;0;0;B:3,4,2,4,4,5;M:17,15,28,32,50,47,70,52,86,79,89,80;D0:40,22,35,19;D1:57,48,69,62,54,55,64,44,67,58,68,66,63,56,51,43,65,46,45,42,60,53,59,61,41,49;D2:75,88,78,73,74,76,83,77,84,82,72,81,85,87,90,71;N:4;P0;T:0,0,0,0,0,0;B:2,3,2,4,4;S:6;O:1,4,6,8,9,14,16,23,24,26,30,33,34,36,38;N:6;R:25:0:0;P1;T:1,0,2,0,0,0;B:3,4,3,2,4;S:3;O:2,3,5,7,10,11,12,13,18,20,21,27,29,31,37,39;N:1;R:;
TURN|46
ACTION|buy_visible|0
ACTION|pay|0,0,0,0,0
ENDTURN|46|2f45b9c4b35625f1|S;2;1;47;0;0;B:3,4,2,4,4,5;M:19,15,28,32,50,47,70,52,86,79,89,80;D0:40,22,35;D1:57,48,69,62,54,55,64,44,67,58,68,66,63,56,51,43,65,46,45,42,60,53,59,61,41,49;D2:75,88,78,73,74,76,83,77,84,82,72,81,85,87,90,71;N:4;P0;T:0,0,0,0,0,0;B:3,3,2,4,4;S:6;O:1,4,6,8,9,14,16,17,23,24,26,30,33,34,36,38;N:6;R:25:0:0;P1;T:1,0,2,0,0,0;B:3,4,3,2,4;S:3;O:2,3,5,7,10,11,12,13,18,20,21,27,29,31,37,39;N:1;R:;
TURN|47
ACTION|buy_visible|0
ACTION|pay|0,0,0,0,0
ENDTURN|47|c18db6b1ffce3d45|S;2;0;48;0;0;B:3,4,2,4,4,5;M:35,15,28,32,50,47,70,52,86,79,89,80;D0:40,22;D1:57,48,69,62,54,55,64,44,67,58,68,66,63,56,51,43,65,46,45,42,60,53,59,61,41,49;D2:75,88,78,73,74,76,83,77,84,82,72,81,85,87,90,71;N:4;P0;T:0,0,0,0,0,0;B:3,3,2,4,4;S:6;O:1,4,6,8,9,14,16,17,23,24,26,30,33,34,36,38;N:6;R:25:0:0;P1;T:1,0,2,0,0,0;B:4,4,3,2,4;S:3;O:2,3,5,7,10,11,12,13,18,19,20,21,27,29,31,37,39;N:1;R:;
TURN|48
ACTION|buy_visible|0
ACTION|pay|0,0,0,0,0
ENDTURN|48|4bc0948422a6025f|S;2;1;49;0;0;B:3,4,2,4,4,5;M:22,15,28,32,50,47,70,52,86,79,89,80;D0:40;D1:57,48,69,62,54,55,64,44,67,58,68,66,63,56,51,43,65,46,45,42,60,53,59,61,41,49;D2:75,88,78,73,74,76,83,77,84,82,72,81,85,87,90,71;N:4;P0;T:0,0,0,0,0,0;B:3,3,2,5,4;S:6;O:1,4,6,8,9,14,16,17,23,24,26,30,33,34,35,36,38;N:6;R:25:0:0;P1;T:1,0,2,0,0,0;B:4,4,3,2,4;S:3;O:2,3,5,7,10,11,12,13,18,19,20,21,27,29,31,37,39;N:1;R:;
TURN|49
ACTION|buy_visible|0
ACTION|pay|0,0,0,0,0
ENDTURN|49|899c79d4f0273adb|S;2;0;50;0;0;B:3,4,2,4,4,5;M:40,15,28,32,50,47,70,52,86,79,89,80;D0:;D1:57,48,69,62,54,55,64,44,67,58,68,66,63,56,51,43,65,46,45,42,60,53,59,61,41,49;D2:75,88,78,73,74,76,83,77,84,82,72,81,85,87,90,71;N:4;P0;T:0,0,0,0,0,0;B:3,3,2,5,4;S:6;O:1,4,6,8,9,14,16,17,23,24,26,30,33,34,35,36,38;N:6;R:25:0:0;P1;T:1,0,2,0,0,0;B:5,4,3,2,4;S:3;O:2,3,5,7,10,11,12,13,18,19,20,21,22,27,29,31,37,39;N:1;R:;
TURN|50
ACTION|buy_visible|1
ACTION|pay|0,0,0,0,0
ENDTURN|50|5660c90ec7268081|S;2;1;51;0;0;B:3,4,2,4,4,5;M:40,0,28,32,50,47,70,52,86,79,89,80;D0:;D1:57,48,69,62,54,55,64,44,67,58,68,66,63,56,51,43,65,46,45,42,60,53,59,61,41,49;D2:75,88,78,73,74,76,83,77,84,82,72,81,85,87,90,71;N:4;P0;T:0,0,0,0,0,0;B:3,4,2,5,4;S:6;O:1,4,6,8,9,14,15,16,17,23,24,26,30,33,34,35,36,38;N:6;R:25:0:0;P1;T:1,0,2,0,0,0;B:5,4,3,2,4;S:3;O:2,3,5,7,10,11,12,13,18,19,20,21,22,27,29,31,37,39;N:1;R:;
TURN|51
ACTION|buy_visible|0
ACTION|pay|0,0,0,0,0
ENDTURN|51|d129873bb9666fb7|S;2;0;52;0;0;B:3,4,2,4,4,5;M:0,0,28,32,50,47,70,52,86,79,89,80;D0:;D1:57,48,69,62,54,55,64,44,67,58,68,66,63,56,51,43,65,46,45,42,60,53,59,61,41,49;D2:75,88,78,73,74,76,83,77,84,82,72,81,85,87,90,71;N:;P0;T:0,0,0,0,0,0;B:3,4,2,5,4;S:6;O:1,4,6,8,9,14,15,16,17,23,24,26,30,33,34,35,36,38;N:6;R:25:0:0;P1;T:1,0,2,0,0,0;B:5,4,3,3,4;S:7;O:2,3,5,7,10,11,12,13,18,19,20,21,22,27,29,31,37,39,40;N:1,4;R:;
TURN|52
ACTION|buy_visible|2
ACTION|pay|0,0,0,0,0
ENDTURN|52|b6ac79642959ddc7|S;2;1;53;0;0;B:3,4,2,4,4,5;M:0,0,0,32,50,47,70,52,86,79,89,80;D0:;D1:57,48,69,62,54,55,64,44,67,58,68,66,63,56,51,43,65,46,45,42,60,53,59,61,41,49;D2:75,88,78,73,74,76,83,77,84,82,72,81,85,87,90,71;N:;P0;T:0,0,0,0,0,0;B:3,4,3,5,4;S:6;O:1,4,6,8,9,14,15,16,17,23,24,26,28,30,33,34,35,36,38;N:6;R:25:0:0;P1;T:1,0,2,0,0,0;B:5,4,3,3,4;S:7;O:2,3,5,7,10,11,12,13,18,19,20,21,22,27,29,31,37,39,40;N:1,4;R:;
TURN|53
ACTION|buy_visible|3
ACTION|pay|0,0,0,0,0
ENDTURN|53|bb83de27dec68fee|S;2;0;54;0;0;B:3,4,2,4,4,5;M:0,0,0,0,50,47,70,52,86,79,89,80;D0:;D1:57,48,69,62,54,55,64,44,67,58,68,66,63,56,51,43,65,46,45,42,60,53,59,61,41,49;D2:75,88,78,73,74,76,83,77,84,82,72,81,85,87,90,71;N:;P0;T:0,0,0,0,0,0;B:3,4,3,5,4;S:6;O:1,4,6,8,9,14,15,16,17,23,24,26,28,30,33,34,35,36,38;N:6;R:25:0:0;P1;T:1,0,2,0,0,0;B:5,4,4,3,4;S:8;O:2,3,5,7,10,11,12,13,18,19,20,21,22,27,29,31,32,37,39,40;N:1,4;R:;
TURN|54
ACTION|buy_visible|4
ACTION|pay|0,0,0,0,0
ENDTURN|54|90f409c6f2b86a1a|S;2;1;55;0;0;B:3,4,2,4,4,5;M:0,0,0,0,49,47,70,52,86,79,89,80;D0:;D1:57,48,69,62,54,55,64,44,67,58,68,66,63,56,51,43,65,46,45,42,60,53,59,61,41;D2:75,88,78,73,74,76,83,77,84,82,72,81,85,87,90,71;N:;P0;T:0,0,0,0,0,0;B:3,5,3,5,4;S:8;O:1,4,6,8,9,14,15,16,17,23,24,26,28,30,33,34,35,36,38,50;N:6;R:25:0:0;P1;T:1,0,2,0,0,0;B:5,4,4,3,4;S:8;O:2,3,5,7,10,11,12,13,18,19,20,21,22,27,29,31,32,37,39,40;N:1,4;R:;
TURN|55
ACTION|buy_visible|4
ACTION|pay|0,0,0,0,0
ENDTURN|55|5ddf87d48c637250|S;2;0;56;0;0;B:3,4,2,4,4,5;M:0,0,0,0,41,47,70,52,86,79,89,80;D0:;D1:57,48,69,62,54,55,64,44,67,58,68,66,63,56,51,43,65,46,45,42,60,53,59,61;D2:75,88,78,73,74,76,83,77,84,82,72,81,85,87,90,71;N:;P0;T:0,0,0,0,0,0;B:3,5,3,5,4;S:8;O:1,4,6,8,9,14,15,16,17,23,24,26,28,30,33,34,35,36,38,50;N:6;R:25:0:0;P1;T:1,0,2,0,0,0;B:5,5,4,3,4;S:10;O:2,3,5,7,10,11,12,13,18,19,20,21,22,27,29,31,32,37,39,40,49;N:1,4;R:;
TURN|56
ACTION|buy_visible|4
ACTION|pay|0,0,0,0,0
ENDTURN|56|a6b737e6e2a47007|S;2;1;57;0;0;B:3,4,2,4,4,5;M:0,0,0,0,61,47,70,52,86,79,89,80;D0:;D1:57,48,69,62,54,55,64,44,67,58,68,66,63,56,51,43,65,46,45,42,60,53,59;D2:75,88,78,73,74,76,83,77,84,82,72,81,85,87,90,71;N:;P0;T:0,0,0,0,0,0;B:3,5,3,5,5;S:9;O:1,4,6,8,9,14,15,16,17,23,24,26,28,30,33,34,35,36,38,41,50;N:6;R:25:0:0;P1;T:1,0,2,0,0,0;B:5,5,4,3,4;S:10;O:2,3,5,7,10,11,12,13,18,19,20,21,22,27,29,31,32,37,39,40,49;N:1,4;R:;
TURN|57
ACTION|buy_visible|4
ACTION|pay|0,0,0,0,0
ENDTURN|57|9ed69d7769b5dac5|S;2;0;58;0;0;B:3,4,2,4,4,5;M:0,0,0,0,59,47,70,52,86,79,89,80;D0:;D1:57,48,69,62,54,55,64,44,67,58,68,66,63,56,51,43,65,46,45,42,60,53;D2:75,88,78,73,74,76,83,77,84,82,72,81,85,87,90,71;N:;P0;T:0,0,0,0,0,0;B:3,5,3,5,5;S:9;O:1,4,6,8,9,14,15,16,17,23,24,26,28,30,33,34,35,36,38,41,50;N:6;R:25:0:0;P1;T:1,0,2,0,0,0;B:5,5,5,3,4;S:12;O:2,3,5,7,10,11,12,13,18,19,20,21,22,27,29,31,32,37,39,40,49,61;N:1,4;R:;
TURN|58
ACTION|buy_visible|4
ACTION|pay|0,0,0,0,0
ENDTURN|58|da417e8f8d20fb6e|S;2;1;59;0;0;B:3,4,2,4,4,5;M:0,0,0,0,53,47,70,52,86,79,89,80;D0:;D1:57,48,69,62,54,55,64,44,67,58,68,66,63,56,51,43,65,46,45,42,60;D2:75,88,78,73,74,76,83,77,84,82,72,81,85,87,90,71;N:;P0;T:0,0,0,0,0,0;B:3,5,4,5,5;S:10;O:1,4,6,8,9,14,15,16,17,23,24,26,28,30,33,34,35,36,38,41,50,59;N:6;R:25:0:0;P1;T:1,0,2,0,0,0;B:5,5,5,3,4;S:12;O:2,3,5,7,10,11,12,13,18,19,20,21,22,27,29,31,32,37,39,40,49,61;N:1,4;R:;
TURN|59
ACTION|buy_visible|4
ACTION|pay|0,0,0,0,0
ENDTURN|59|f5ab5fd36953973d|S;2;0;60;0;0;B:3,4,2,4,4,5;M:0,0,0,0,60,47,70,52,86,79,89,80;D0:;D1:57,48,69,62,54,55,64,44,67,58,68,66,63,56,51,43,65,46,45,42;D2:75,88,78,73,74,76,83,77,84,82,72,81,85,87,90,71;N:;P0;T:0,0,0,0,0,0;B:3,5,4,5,5;S:10;O:1,4,6,8,9,14,15,16,17,23,24,26,28,30,33,34,35,36,38,41,50,59;N:6;R:25:0:0;P1;T:1,0,2,0,0,0;B:6,5,5,3,4;S:13;O:2,3,5,7,10,11,12,13,18,19,20,21,22,27,29,31,32,37,39,40,49,53,61;N:1,4;R:;
TURN|60
ACTION|buy_visible|4
ACTION|pay|0,0,0,0,0
ENDTURN|60|6c0e337152694cc0|S;2;1;61;0;0;B:3,4,2,4,4,5;M:0,0,0,0,42,47,70,52,86,79,89,80;D0:;D1:57,48,69,62,54,55,64,44,67,58,68,66,63,56,51,43,65,46,45;D2:75,88,78,73,74,76,83,77,84,82,72,81,85,87,90,71;N:;P0;T:0,0,0,0,0,0;B:3,5,5,5,5;S:11;O:1,4,6,8,9,14,15,16,17,23,24,26,28,30,33,34,35,36,38,41,50,59,60;N:6;R:25:0:0;P1;T:1,0,2,0,0,0;B:6,5,5,3,4;S:13;O:2,3,5,7,10,11,12,13,18,19,20,21,22,27,29,31,32,37,39,40,49,53,61;N:1,4;R:;
TURN|61
ACTION|buy_visible|4
ACTION|pay|0,0,0,0,0
ENDTURN|61|9ea9d4b11db53ee3|S;2;0;62;0;0;B:3,4,2,4,4,5;M:0,0,0,0,45,47,70,52,86,79,89,80;D0:;D1:57,48,69,62,54,55,64,44,67,58,68,66,63,56,51,43,65,46;D2:75,88,78,73,74,76,83,77,84,82,72,81,85,87,90,71;N:;P0;T:0,0,0,0,0,0;B:3,5,5,5,5;S:11;O:1,4,6,8,9,14,15,16,17,23,24,26,28,30,33,34,35,36,38,41,50,59,60;N:6;R:25:0:0;P1;T:1,0,2,0,0,0;B:6,5,5,3,5;S:14;O:2,3,5,7,10,11,12,13,18,19,20,21,22,27,29,31,32,37,39,40,42,49,53,61;N:1,4;R:;
TURN|62
ACTION|buy_visible|5
ACTION|pay|0,0,0,0,0
ENDTURN|62|737e4c570de8eeec|S;2;1;63;0;0;B:3,4,2,4,4,5;M:0,0,0,0,45,46,70,52,86,79,89,80;D0:;D1:57,48,69,62,54,55,64,44,67,58,68,66,63,56,51,43,65;D2:75,88,78,73,74,76,83,77,84,82,72,81,85,87,90,71;N:;P0;T:0,0,0,0,0,0;B:3,6,5,5,5;S:12;O:1,4,6,8,9,14,15,16,17,23,24,26,28,30,33,34,35,36,38,41,47,50,59,60;N:6;R:25:0:0;P1;T:1,0,2,0,0,0;B:6,5,5,3,5;S:14;O:2,3,5,7,10,11,12,13,18,19,20,21,22,27,29,31,32,37,39,40,42,49,53,61;N:1,4;R:;
TURN|63
ACTION|buy_visible|4
ACTION|pay|0,0,0,0,0
ENDTURN|63|958ef2c8eaabf561|S;2;0;64;1;4;B:3,4,2,4,4,5;M:0,0,0,0,65,46,70,52,86,79,89,80;D0:;D1:57,48,69,62,54,55,64,44,67,58,68,66,63,56,51,43;D2:75,88,78,73,74,76,83,77,84,82,72,81,85,87,90,71;N:;P0;T:0,0,0,0,0,0;B:3,6,5,5,5;S:12;O:1,4,6,8,9,14,15,16,17,23,24,26,28,30,33,34,35,36,38,41,47,50,59,60;N:6;R:25:0:0;P1;T:1,0,2,0,0,0;B:6,5,5,3,6;S:16;O:2,3,5,7,10,11,12,13,18,19,20,21,22,27,29,31,32,37,39,40,42,45,49,53,61;N:1,4;R:;
END|complete|64|958ef2c8eaabf561|S;2;0;64;1;4;B:3,4,2,4,4,5;M:0,0,0,0,65,46,70,52,86,79,89,80;D0:;D1:57,48,69,62,54,55,64,44,67,58,68,66,63,56,51,43;D2:75,88,78,73,74,76,83,77,84,82,72,81,85,87,90,71;N:;P0;T:0,0,0,0,0,0;B:3,6,5,5,5;S:12;O:1,4,6,8,9,14,15,16,17,23,24,26,28,30,33,34,35,36,38,41,47,50,59,60;N:6;R:25:0:0;P1;T:1,0,2,0,0,0;B:6,5,5,3,6;S:16;O:2,3,5,7,10,11,12,13,18,19,20,21,22,27,29,31,32,37,39,40,42,45,49,53,61;N:1,4;R:;
