TRAJECTORY|sprint48-ahin-full-turn-v1|424285
SETUP_DECK|0|13,35,10,7,11,14,27,25,26,32,36,4,1,33,18,15,5,9,38,20,16,12,19,29,30,17,34,23,37,40,31,22,21,8,28,2,39,6,3,24
SETUP_DECK|1|53,43,70,50,68,46,65,52,66,49,59,62,45,41,48,61,51,54,69,58,57,47,64,44,63,55,60,42,67,56
SETUP_DECK|2|82,77,83,84,79,90,71,75,85,86,72,74,73,80,81,76,88,87,78,89
SETUP_NOBLES|3,10,2
START|731680d70bf0e981|S;2;0;0;0;0;B:4,4,4,4,4,5;M:13,35,10,7,53,43,70,50,82,77,83,84;D0:24,3,6,39,2,28,8,21,22,31,40,37,23,34,17,30,29,19,12,16,20,38,9,5,15,18,33,1,4,36,32,26,25,27,14,11;D1:56,67,42,60,55,63,44,64,47,57,58,69,54,51,61,48,41,45,62,59,49,66,52,65,46,68;D2:89,78,87,88,76,81,80,73,74,72,86,85,75,71,90,79;N:2,3,10;P0;T:0,0,0,0,0,0;B:0,0,0,0,0;S:0;O:;N:;R:;P1;T:0,0,0,0,0,0;B:0,0,0,0,0;S:0;O:;N:;R:;
TURN|0
ACTION|reserve_deck|0
ENDTURN|0|e67682e7147998b0|S;2;1;1;0;0;B:4,4,4,4,4,4;M:13,35,10,7,53,43,70,50,82,77,83,84;D0:24,3,6,39,2,28,8,21,22,31,40,37,23,34,17,30,29,19,12,16,20,38,9,5,15,18,33,1,4,36,32,26,25,27,14;D1:56,67,42,60,55,63,44,64,47,57,58,69,54,51,61,48,41,45,62,59,49,66,52,65,46,68;D2:89,78,87,88,76,81,80,73,74,72,86,85,75,71,90,79;N:2,3,10;P0;T:0,0,0,0,0,1;B:0,0,0,0,0;S:0;O:;N:;R:11:0:0;P1;T:0,0,0,0,0,0;B:0,0,0,0,0;S:0;O:;N:;R:;
TURN|1
ACTION|take|1,1,0,0,1
ENDTURN|1|8587fb823499f450|S;2;0;2;0;0;B:3,3,4,4,3,4;M:13,35,10,7,53,43,70,50,82,77,83,84;D0:24,3,6,39,2,28,8,21,22,31,40,37,23,34,17,30,29,19,12,16,20,38,9,5,15,18,33,1,4,36,32,26,25,27,14;D1:56,67,42,60,55,63,44,64,47,57,58,69,54,51,61,48,41,45,62,59,49,66,52,65,46,68;D2:89,78,87,88,76,81,80,73,74,72,86,85,75,71,90,79;N:2,3,10;P0;T:0,0,0,0,0,1;B:0,0,0,0,0;S:0;O:;N:;R:11:0:0;P1;T:1,1,0,0,1,0;B:0,0,0,0,0;S:0;O:;N:;R:;
TURN|2
ACTION|reserve_visible|0
ENDTURN|2|aacfd8295127a13a|S;2;1;3;0;0;B:3,3,4,4,3,3;M:14,35,10,7,53,43,70,50,82,77,83,84;D0:24,3,6,39,2,28,8,21,22,31,40,37,23,34,17,30,29,19,12,16,20,38,9,5,15,18,33,1,4,36,32,26,25,27;D1:56,67,42,60,55,63,44,64,47,57,58,69,54,51,61,48,41,45,62,59,49,66,52,65,46,68;D2:89,78,87,88,76,81,80,73,74,72,86,85,75,71,90,79;N:2,3,10;P0;T:0,0,0,0,0,2;B:0,0,0,0,0;S:0;O:;N:;R:11:0:0,13:0:1;P1;T:1,1,0,0,1,0;B:0,0,0,0,0;S:0;O:;N:;R:;
TURN|3
ACTION|take|0,0,2,0,0
ENDTURN|3|9f5df7a7ffbe77a2|S;2;0;4;0;0;B:3,3,2,4,3,3;M:14,35,10,7,53,43,70,50,82,77,83,84;D0:24,3,6,39,2,28,8,21,22,31,40,37,23,34,17,30,29,19,12,16,20,38,9,5,15,18,33,1,4,36,32,26,25,27;D1:56,67,42,60,55,63,44,64,47,57,58,69,54,51,61,48,41,45,62,59,49,66,52,65,46,68;D2:89,78,87,88,76,81,80,73,74,72,86,85,75,71,90,79;N:2,3,10;P0;T:0,0,0,0,0,2;B:0,0,0,0,0;S:0;O:;N:;R:11:0:0,13:0:1;P1;T:1,1,2,0,1,0;B:0,0,0,0,0;S:0;O:;N:;R:;
TURN|4
ACTION|take|1,1,1,0,0
ENDTURN|4|ab45cb96f9d68d98|S;2;1;5;0;0;B:2,2,1,4,3,3;M:14,35,10,7,53,43,70,50,82,77,83,84;D0:24,3,6,39,2,28,8,21,22,31,40,37,23,34,17,30,29,19,12,16,20,38,9,5,15,18,33,1,4,36,32,26,25,27;D1:56,67,42,60,55,63,44,64,47,57,58,69,54,51,61,48,41,45,62,59,49,66,52,65,46,68;D2:89,78,87,88,76,81,80,73,74,72,86,85,75,71,90,79;N:2,3,10;P0;T:1,1,1,0,0,2;B:0,0,0,0,0;S:0;O:;N:;R:11:0:0,13:0:1;P1;T:1,1,2,0,1,0;B:0,0,0,0,0;S:0;O:;N:;R:;
TURN|5
ACTION|take|1,1,1,0,0
ENDTURN|5|4addb779a354e934|S;2;0;6;0;0;B:1,1,0,4,3,3;M:14,35,10,7,53,43,70,50,82,77,83,84;D0:24,3,6,39,2,28,8,21,22,31,40,37,23,34,17,30,29,19,12,16,20,38,9,5,15,18,33,1,4,36,32,26,25,27;D1:56,67,42,60,55,63,44,64,47,57,58,69,54,51,61,48,41,45,62,59,49,66,52,65,46,68;D2:89,78,87,88,76,81,80,73,74,72,86,85,75,71,90,79;N:2,3,10;P0;T:1,1,1,0,0,2;B:0,0,0,0,0;S:0;O:;N:;R:11:0:0,13:0:1;P1;T:2,2,3,0,1,0;B:0,0,0,0,0;S:0;O:;N:;R:;
TURN|6
ACTION|buy_visible|3
ACTION|pay|0,0,1,0,0
ENDTURN|6|7e2f12c5576aa31a|S;2;1;7;0;0;B:1,1,1,4,3,5;M:14,35,10,27,53,43,70,50,82,77,83,84;D0:24,3,6,39,2,28,8,21,22,31,40,37,23,34,17,30,29,19,12,16,20,38,9,5,15,18,33,1,4,36,32,26,25;D1:56,67,42,60,55,63,44,64,47,57,58,69,54,51,61,48,41,45,62,59,49,66,52,65,46,68;D2:89,78,87,88,76,81,80,73,74,72,86,85,75,71,90,79;N:2,3,10;P0;T:1,1,0,0,0,0;B:0,0,0,0,1;S:0;O:7;N:;R:11:0:0,13:0:1;P1;T:2,2,3,0,1,0;B:0,0,0,0,0;S:0;O:;N:;R:;
TURN|7
ACTION|take|1,1,0,0,1
ACTION|return|0,0,0,0,1,0
ENDTURN|7|03f0faf6da1107ae|S;2;0;8;0;0;B:0,0,1,4,3,5;M:14,35,10,27,53,43,70,50,82,77,83,84;D0:24,3,6,39,2,28,8,21,22,31,40,37,23,34,17,30,29,19,12,16,20,38,9,5,15,18,33,1,4,36,32,26,25;D1:56,67,42,60,55,63,44,64,47,57,58,69,54,51,61,48,41,45,62,59,49,66,52,65,46,68;D2:89,78,87,88,76,81,80,73,74,72,86,85,75,71,90,79;N:2,3,10;P0;T:1,1,0,0,0,0;B:0,0,0,0,1;S:0;O:7;N:;R:11:0:0,13:0:1;P1;T:3,3,3,0,1,0;B:0,0,0,0,0;S:0;O:;N:;R:;
TURN|8
ACTION|take|0,0,1,1,1
ENDTURN|8|6707c79384f1f080|S;2;1;9;0;0;B:0,0,0,3,2,5;M:14,35,10,27,53,43,70,50,82,77,83,84;D0:24,3,6,39,2,28,8,21,22,31,40,37,23,34,17,30,29,19,12,16,20,38,9,5,15,18,33,1,4,36,32,26,25;D1:56,67,42,60,55,63,44,64,47,57,58,69,54,51,61,48,41,45,62,59,49,66,52,65,46,68;D2:89,78,87,88,76,81,80,73,74,72,86,85,75,71,90,79;N:2,3,10;P0;T:1,1,1,1,1,0;B:0,0,0,0,1;S:0;O:7;N:;R:11:0:0,13:0:1;P1;T:3,3,3,0,1,0;B:0,0,0,0,0;S:0;O:;N:;R:;
TURN|9
ACTION|reserve_deck|0
ACTION|return|0,0,0,0,1,0
ENDTURN|9|fecc62b173032a75|S;2;0;10;0;0;B:0,0,0,3,3,4;M:14,35,10,27,53,43,70,50,82,77,83,84;D0:24,3,6,39,2,28,8,21,22,31,40,37,23,34,17,30,29,19,12,16,20,38,9,5,15,18,33,1,4,36,32,26;D1:56,67,42,60,55,63,44,64,47,57,58,69,54,51,61,48,41,45,62,59,49,66,52,65,46,68;D2:89,78,87,88,76,81,80,73,74,72,86,85,75,71,90,79;N:2,3,10;P0;T:1,1,1,1,1,0;B:0,0,0,0,1;S:0;O:7;N:;R:11:0:0,13:0:1;P1;T:3,3,3,0,0,1;B:0,0,0,0,0;S:0;O:;N:;R:25:0:0;
TURN|10
ACTION|buy_reserved|1
ACTION|pay|1,0,0,0,1
ENDTURN|10|10ba2cdcc1ad1d6d|S;2;1;11;0;0;B:1,0,0,3,4,4;M:14,35,10,27,53,43,70,50,82,77,83,84;D0:24,3,6,39,2,28,8,21,22,31,40,37,23,34,17,30,29,19,12,16,20,38,9,5,15,18,33,1,4,36,32,26;D1:56,67,42,60,55,63,44,64,47,57,58,69,54,51,61,48,41,45,62,59,49,66,52,65,46,68;D2:89,78,87,88,76,81,80,73,74,72,86,85,75,71,90,79;N:2,3,10;P0;T:0,1,1,1,0,0;B:0,1,0,0,1;S:0;O:7,13;N:;R:11:0:0;P1;T:3,3,3,0,0,1;B:0,0,0,0,0;S:0;O:;N:;R:25:0:0;
TURN|11
ACTION|reserve_deck|0
ACTION|return|0,0,1,0,0,0
ENDTURN|11|94f2e9f2af488cc8|S;2;0;12;0;0;B:1,0,1,3,4,3;M:14,35,10,27,53,43,70,50,82,77,83,84;D0:24,3,6,39,2,28,8,21,22,31,40,37,23,34,17,30,29,19,12,16,20,38,9,5,15,18,33,1,4,36,32;D1:56,67,42,60,55,63,44,64,47,57,58,69,54,51,61,48,41,45,62,59,49,66,52,65,46,68;D2:89,78,87,88,76,81,80,73,74,72,86,85,75,71,90,79;N:2,3,10;P0;T:0,1,1,1,0,0;B:0,1,0,0,1;S:0;O:7,13;N:;R:11:0:0;P1;T:3,3,2,0,0,2;B:0,0,0,0,0;S:0;O:;N:;R:25:0:0,26:0:0;
TURN|12
ACTION|take|1,0,1,0,1
ENDTURN|12|bcb8a66d995df750|S;2;1;13;0;0;B:0,0,0,3,3,3;M:14,35,10,27,53,43,70,50,82,77,83,84;D0:24,3,6,39,2,28,8,21,22,31,40,37,23,34,17,30,29,19,12,16,20,38,9,5,15,18,33,1,4,36,32;D1:56,67,42,60,55,63,44,64,47,57,58,69,54,51,61,48,41,45,62,59,49,66,52,65,46,68;D2:89,78,87,88,76,81,80,73,74,72,86,85,75,71,90,79;N:2,3,10;P0;T:1,1,2,1,1,0;B:0,1,0,0,1;S:0;O:7,13;N:;R:11:0:0;P1;T:3,3,2,0,0,2;B:0,0,0,0,0;S:0;O:;N:;R:25:0:0,26:0:0;
TURN|13
ACTION|buy_visible|0
ACTION|pay|0,0,2,0,0
ENDTURN|13|ceb5a710d5c1c5bc|S;2;0;14;0;0;B:0,0,2,3,3,5;M:32,35,10,27,53,43,70,50,82,77,83,84;D0:24,3,6,39,2,28,8,21,22,31,40,37,23,34,17,30,29,19,12,16,20,38,9,5,15,18,33,1,4,36;D1:56,67,42,60,55,63,44,64,47,57,58,69,54,51,61,48,41,45,62,59,49,66,52,65,46,68;D2:89,78,87,88,76,81,80,73,74,72,86,85,75,71,90,79;N:2,3,10;P0;T:1,1,2,1,1,0;B:0,1,0,0,1;S:0;O:7,13;N:;R:11:0:0;P1;T:3,3,0,0,0,0;B:0,1,0,0,0;S:0;O:14;N:;R:25:0:0,26:0:0;
TURN|14
ACTION|take|0,0,1,1,1
ENDTURN|14|e08ec65f4f3e74d2|S;2;1;15;0;0;B:0,0,1,2,2,5;M:32,35,10,27,53,43,70,50,82,77,83,84;D0:24,3,6,39,2,28,8,21,22,31,40,37,23,34,17,30,29,19,12,16,20,38,9,5,15,18,33,1,4,36;D1:56,67,42,60,55,63,44,64,47,57,58,69,54,51,61,48,41,45,62,59,49,66,52,65,46,68;D2:89,78,87,88,76,81,80,73,74,72,86,85,75,71,90,79;N:2,3,10;P0;T:1,1,3,2,2,0;B:0,1,0,0,1;S:0;O:7,13;N:;R:11:0:0;P1;T:3,3,0,0,0,0;B:0,1,0,0,0;S:0;O:14;N:;R:25:0:0,26:0:0;
TURN|15
ACTION|take|0,0,1,1,1
ENDTURN|15|fc61bdfc55c025f4|S;2;0;16;0;0;B:0,0,0,1,1,5;M:32,35,10,27,53,43,70,50,82,77,83,84;D0:24,3,6,39,2,28,8,21,22,31,40,37,23,34,17,30,29,19,12,16,20,38,9,5,15,18,33,1,4,36;D1:56,67,42,60,55,63,44,64,47,57,58,69,54,51,61,48,41,45,62,59,49,66,52,65,46,68;D2:89,78,87,88,76,81,80,73,74,72,86,85,75,71,90,79;N:2,3,10;P0;T:1,1,3,2,2,0;B:0,1,0,0,1;S:0;O:7,13;N:;R:11:0:0;P1;T:3,3,1,1,1,0;B:0,1,0,0,0;S:0;O:14;N:;R:25:0:0,26:0:0;
TURN|16
ACTION|buy_visible|2
ACTION|pay|1,0,1,2,0
ENDTURN|16|414647c81c176ef4|S;2;1;17;0;0;B:1,0,1,3,1,5;M:32,35,36,27,53,43,70,50,82,77,83,84;D0:24,3,6,39,2,28,8,21,22,31,40,37,23,34,17,30,29,19,12,16,20,38,9,5,15,18,33,1,4;D1:56,67,42,60,55,63,44,64,47,57,58,69,54,51,61,48,41,45,62,59,49,66,52,65,46,68;D2:89,78,87,88,76,81,80,73,74,72,86,85,75,71,90,79;N:2,3,10;P0;T:0,1,2,0,2,0;B:0,2,0,0,1;S:0;O:7,10,13;N:;R:11:0:0;P1;T:3,3,1,1,1,0;B:0,1,0,0,0;S:0;O:14;N:;R:25:0:0,26:0:0;
TURN|17
ACTION|buy_reserved|0
ACTION|pay|1,0,0,1,1
ENDTURN|17|6f19482a7e50a993|S;2;0;18;0;0;B:2,0,1,4,2,5;M:32,35,36,27,53,43,70,50,82,77,83,84;D0:24,3,6,39,2,28,8,21,22,31,40,37,23,34,17,30,29,19,12,16,20,38,9,5,15,18,33,1,4;D1:56,67,42,60,55,63,44,64,47,57,58,69,54,51,61,48,41,45,62,59,49,66,52,65,46,68;D2:89,78,87,88,76,81,80,73,74,72,86,85,75,71,90,79;N:2,3,10;P0;T:0,1,2,0,2,0;B:0,2,0,0,1;S:0;O:7,10,13;N:;R:11:0:0;P1;T:2,3,1,0,0,0;B:0,1,1,0,0;S:0;O:14,25;N:;R:26:0:0;
TURN|18
ACTION|take|1,0,1,0,1
ENDTURN|18|4cbbd38885fe5b07|S;2;1;19;0;0;B:1,0,0,4,1,5;M:32,35,36,27,53,43,70,50,82,77,83,84;D0:24,3,6,39,2,28,8,21,22,31,40,37,23,34,17,30,29,19,12,16,20,38,9,5,15,18,33,1,4;D1:56,67,42,60,55,63,44,64,47,57,58,69,54,51,61,48,41,45,62,59,49,66,52,65,46,68;D2:89,78,87,88,76,81,80,73,74,72,86,85,75,71,90,79;N:2,3,10;P0;T:1,1,3,0,3,0;B:0,2,0,0,1;S:0;O:7,10,13;N:;R:11:0:0;P1;T:2,3,1,0,0,0;B:0,1,1,0,0;S:0;O:14,25;N:;R:26:0:0;
TURN|19
ACTION|take|1,0,0,1,1
ENDTURN|19|2083a9d0e2a2bfc5|S;2;0;20;0;0;B:0,0,0,3,0,5;M:32,35,36,27,53,43,70,50,82,77,83,84;D0:24,3,6,39,2,28,8,21,22,31,40,37,23,34,17,30,29,19,12,16,20,38,9,5,15,18,33,1,4;D1:56,67,42,60,55,63,44,64,47,57,58,69,54,51,61,48,41,45,62,59,49,66,52,65,46,68;D2:89,78,87,88,76,81,80,73,74,72,86,85,75,71,90,79;N:2,3,10;P0;T:1,1,3,0,3,0;B:0,2,0,0,1;S:0;O:7,10,13;N:;R:11:0:0;P1;T:3,3,1,1,1,0;B:0,1,1,0,0;S:0;O:14,25;N:;R:26:0:0;
TURN|20
ACTION|buy_visible|0
ACTION|pay|0,0,0,0,3
ENDTURN|20|41125e205ff20aa4|S;2;1;21;0;0;B:0,0,0,3,3,5;M:4,35,36,27,53,43,70,50,82,77,83,84;D0:24,3,6,39,2,28,8,21,22,31,40,37,23,34,17,30,29,19,12,16,20,38,9,5,15,18,33,1;D1:56,67,42,60,55,63,44,64,47,57,58,69,54,51,61,48,41,45,62,59,49,66,52,65,46,68;D2:89,78,87,88,76,81,80,73,74,72,86,85,75,71,90,79;N:2,3,10;P0;T:1,1,3,0,0,0;B:0,2,1,0,1;S:1;O:7,10,13,32;N:;R:11:0:0;P1;T:3,3,1,1,1,0;B:0,1,1,0,0;S:0;O:14,25;N:;R:26:0:0;
TURN|21
ACTION|take|0,0,0,1,1
ACTION|return|0,0,0,0,1,0
ENDTURN|21|165e200f4f4f65d8|S;2;0;22;0;0;B:0,0,0,2,3,5;M:4,35,36,27,53,43,70,50,82,77,83,84;D0:24,3,6,39,2,28,8,21,22,31,40,37,23,34,17,30,29,19,12,16,20,38,9,5,15,18,33,1;D1:56,67,42,60,55,63,44,64,47,57,58,69,54,51,61,48,41,45,62,59,49,66,52,65,46,68;D2:89,78,87,88,76,81,80,73,74,72,86,85,75,71,90,79;N:2,3,10;P0;T:1,1,3,0,0,0;B:0,2,1,0,1;S:1;O:7,10,13,32;N:;R:11:0:0;P1;T:3,3,1,2,1,0;B:0,1,1,0,0;S:0;O:14,25;N:;R:26:0:0;
TURN|22
ACTION|take|0,0,0,1,1
ENDTURN|22|12d51b8feb0ce6ac|S;2;1;23;0;0;B:0,0,0,1,2,5;M:4,35,36,27,53,43,70,50,82,77,83,84;D0:24,3,6,39,2,28,8,21,22,31,40,37,23,34,17,30,29,19,12,16,20,38,9,5,15,18,33,1;D1:56,67,42,60,55,63,44,64,47,57,58,69,54,51,61,48,41,45,62,59,49,66,52,65,46,68;D2:89,78,87,88,76,81,80,73,74,72,86,85,75,71,90,79;N:2,3,10;P0;T:1,1,3,1,1,0;B:0,2,1,0,1;S:1;O:7,10,13,32;N:;R:11:0:0;P1;T:3,3,1,2,1,0;B:0,1,1,0,0;S:0;O:14,25;N:;R:26:0:0;
TURN|23
ACTION|reserve_deck|0
ACTION|return|0,0,0,0,1,0
ENDTURN|23|a184bc75c5f22553|S;2;0;24;0;0;B:0,0,0,1,3,4;M:4,35,36,27,53,43,70,50,82,77,83,84;D0:24,3,6,39,2,28,8,21,22,31,40,37,23,34,17,30,29,19,12,16,20,38,9,5,15,18,33;D1:56,67,42,60,55,63,44,64,47,57,58,69,54,51,61,48,41,45,62,59,49,66,52,65,46,68;D2:89,78,87,88,76,81,80,73,74,72,86,85,75,71,90,79;N:2,3,10;P0;T:1,1,3,1,1,0;B:0,2,1,0,1;S:1;O:7,10,13,32;N:;R:11:0:0;P1;T:3,3,1,2,0,1;B:0,1,1,0,0;S:0;O:14,25;N:;R:26:0:0,1:0:0;
TURN|24
ACTION|take|0,0,0,1,1
ENDTURN|24|3e405ab2b01bcc75|S;2;1;25;0;0;B:0,0,0,0,2,4;M:4,35,36,27,53,43,70,50,82,77,83,84;D0:24,3,6,39,2,28,8,21,22,31,40,37,23,34,17,30,29,19,12,16,20,38,9,5,15,18,33;D1:56,67,42,60,55,63,44,64,47,57,58,69,54,51,61,48,41,45,62,59,49,66,52,65,46,68;D2:89,78,87,88,76,81,80,73,74,72,86,85,75,71,90,79;N:2,3,10;P0;T:1,1,3,2,2,0;B:0,2,1,0,1;S:1;O:7,10,13,32;N:;R:11:0:0;P1;T:3,3,1,2,0,1;B:0,1,1,0,0;S:0;O:14,25;N:;R:26:0:0,1:0:0;
TURN|25
ACTION|buy_reserved|1
ACTION|pay|1,0,0,1,0
ENDTURN|25|306e94e2554ab288|S;2;0;26;0;0;B:1,0,0,1,2,4;M:4,35,36,27,53,43,70,50,82,77,83,84;D0:24,3,6,39,2,28,8,21,22,31,40,37,23,34,17,30,29,19,12,16,20,38,9,5,15,18,33;D1:56,67,42,60,55,63,44,64,47,57,58,69,54,51,61,48,41,45,62,59,49,66,52,65,46,68;D2:89,78,87,88,76,81,80,73,74,72,86,85,75,71,90,79;N:2,3,10;P0;T:1,1,3,2,2,0;B:0,2,1,0,1;S:1;O:7,10,13,32;N:;R:11:0:0;P1;T:2,3,1,1,0,1;B:0,1,1,0,1;S:0;O:1,14,25;N:;R:26:0:0;
TURN|26
ACTION|buy_visible|2
ACTION|pay|1,0,0,1,2
ENDTURN|26|83df0d84e8c4a686|S;2;1;27;0;0;B:2,0,0,2,4,4;M:4,35,33,27,53,43,70,50,82,77,83,84;D0:24,3,6,39,2,28,8,21,22,31,40,37,23,34,17,30,29,19,12,16,20,38,9,5,15,18;D1:56,67,42,60,55,63,44,64,47,57,58,69,54,51,61,48,41,45,62,59,49,66,52,65,46,68;D2:89,78,87,88,76,81,80,73,74,72,86,85,75,71,90,79;N:2,3,10;P0;T:0,1,3,1,0,0;B:0,2,1,1,1;S:1;O:7,10,13,32,36;N:;R:11:0:0;P1;T:2,3,1,1,0,1;B:0,1,1,0,1;S:0;O:1,14,25;N:;R:26:0:0;
TURN|27
ACTION|buy_visible|1
ACTION|pay|2,0,0,0,0
ENDTURN|27|692b0b750e7571ce|S;2;0;28;0;0;B:4,0,0,2,4,5;M:4,18,33,27,53,43,70,50,82,77,83,84;D0:24,3,6,39,2,28,8,21,22,31,40,37,23,34,17,30,29,19,12,16,20,38,9,5,15;D1:56,67,42,60,55,63,44,64,47,57,58,69,54,51,61,48,41,45,62,59,49,66,52,65,46,68;D2:89,78,87,88,76,81,80,73,74,72,86,85,75,71,90,79;N:2,3,10;P0;T:0,1,3,1,0,0;B:0,2,1,1,1;S:1;O:7,10,13,32,36;N:;R:11:0:0;P1;T:0,3,1,1,0,0;B:0,1,1,1,1;S:0;O:1,14,25,35;N:;R:26:0:0;
TURN|28
ACTION|buy_visible|1
ACTION|pay|0,0,1,0,0
ENDTURN|28|0e6a416cf52848c8|S;2;1;29;0;0;B:4,0,1,2,4,5;M:4,15,33,27,53,43,70,50,82,77,83,84;D0:24,3,6,39,2,28,8,21,22,31,40,37,23,34,17,30,29,19,12,16,20,38,9,5;D1:56,67,42,60,55,63,44,64,47,57,58,69,54,51,61,48,41,45,62,59,49,66,52,65,46,68;D2:89,78,87,88,76,81,80,73,74,72,86,85,75,71,90,79;N:2,3,10;P0;T:0,1,2,1,0,0;B:1,2,1,1,1;S:1;O:7,10,13,18,32,36;N:;R:11:0:0;P1;T:0,3,1,1,0,0;B:0,1,1,1,1;S:0;O:1,14,25,35;N:;R:26:0:0;
TURN|29
ACTION|take|1,0,1,1,0
ENDTURN|29|9aa9555ab6776f1e|S;2;0;30;0;0;B:3,0,0,1,4,5;M:4,15,33,27,53,43,70,50,82,77,83,84;D0:24,3,6,39,2,28,8,21,22,31,40,37,23,34,17,30,29,19,12,16,20,38,9,5;D1:56,67,42,60,55,63,44,64,47,57,58,69,54,51,61,48,41,45,62,59,49,66,52,65,46,68;D2:89,78,87,88,76,81,80,73,74,72,86,85,75,71,90,79;N:2,3,10;P0;T:0,1,2,1,0,0;B:1,2,1,1,1;S:1;O:7,10,13,18,32,36;N:;R:11:0:0;P1;T:1,3,2,2,0,0;B:0,1,1,1,1;S:0;O:1,14,25,35;N:;R:26:0:0;
TURN|30
ACTION|buy_visible|2
ACTION|pay|0,0,0,0,0
ENDTURN|30|9cee84ad45884378|S;2;1;31;0;0;B:3,0,0,1,4,5;M:4,15,5,27,53,43,70,50,82,77,83,84;D0:24,3,6,39,2,28,8,21,22,31,40,37,23,34,17,30,29,19,12,16,20,38,9;D1:56,67,42,60,55,63,44,64,47,57,58,69,54,51,61,48,41,45,62,59,49,66,52,65,46,68;D2:89,78,87,88,76,81,80,73,74,72,86,85,75,71,90,79;N:2,3,10;P0;T:0,1,2,1,0,0;B:1,2,1,2,1;S:1;O:7,10,13,18,32,33,36;N:;R:11:0:0;P1;T:1,3,2,2,0,0;B:0,1,1,1,1;S:0;O:1,14,25,35;N:;R:26:0:0;
TURN|31
ACTION|buy_visible|0
ACTION|pay|0,0,0,2,0
ENDTURN|31|44e2a1edf799fa80|S;2;0;32;0;0;B:3,0,0,3,4,5;M:9,15,5,27,53,43,70,50,82,77,83,84;D0:24,3,6,39,2,28,8,21,22,31,40,37,23,34,17,30,29,19,12,16,20,38;D1:56,67,42,60,55,63,44,64,47,57,58,69,54,51,61,48,41,45,62,59,49,66,52,65,46,68;D2:89,78,87,88,76,81,80,73,74,72,86,85,75,71,90,79;N:2,3,10;P0;T:0,1,2,1,0,0;B:1,2,1,2,1;S:1;O:7,10,13,18,32,33,36;N:;R:11:0:0;P1;T:1,3,2,0,0,0;B:0,1,1,1,2;S:0;O:1,4,14,25,35;N:;R:26:0:0;
TURN|32
ACTION|buy_visible|0
ACTION|pay|0,0,0,0,0
ENDTURN|32|df9a0b5947f55332|S;2;1;33;0;0;B:3,0,0,3,4,5;M:38,15,5,27,53,43,70,50,82,77,83,84;D0:24,3,6,39,2,28,8,21,22,31,40,37,23,34,17,30,29,19,12,16,20;D1:56,67,42,60,55,63,44,64,47,57,58,69,54,51,61,48,41,45,62,59,49,66,52,65,46,68;D2:89,78,87,88,76,81,80,73,74,72,86,85,75,71,90,79;N:2,3,10;P0;T:0,1,2,1,0,0;B:1,3,1,2,1;S:1;O:7,9,10,13,18,32,33,36;N:;R:11:0:0;P1;T:1,3,2,0,0,0;B:0,1,1,1,2;S:0;O:1,4,14,25,35;N:;R:26:0:0;
TURN|33
ACTION|buy_visible|2
ACTION|pay|0,0,1,0,0
ENDTURN|33|f2f1c7804ae17384|S;2;0;34;0;0;B:3,0,1,3,4,5;M:38,15,20,27,53,43,70,50,82,77,83,84;D0:24,3,6,39,2,28,8,21,22,31,40,37,23,34,17,30,29,19,12,16;D1:56,67,42,60,55,63,44,64,47,57,58,69,54,51,61,48,41,45,62,59,49,66,52,65,46,68;D2:89,78,87,88,76,81,80,73,74,72,86,85,75,71,90,79;N:2,3,10;P0;T:0,1,2,1,0,0;B:1,3,1,2,1;S:1;O:7,9,10,13,18,32,33,36;N:;R:11:0:0;P1;T:1,3,1,0,0,0;B:0,1,1,1,3;S:0;O:1,4,5,14,25,35;N:;R:26:0:0;
TURN|34
ACTION|buy_reserved|0
ACTION|pay|0,0,1,0,0
ENDTURN|34|19ae1827044bc451|S;2;1;35;0;0;B:3,0,2,3,4,5;M:38,15,20,27,53,43,70,50,82,77,83,84;D0:24,3,6,39,2,28,8,21,22,31,40,37,23,34,17,30,29,19,12,16;D1:56,67,42,60,55,63,44,64,47,57,58,69,54,51,61,48,41,45,62,59,49,66,52,65,46,68;D2:89,78,87,88,76,81,80,73,74,72,86,85,75,71,90,79;N:2,3,10;P0;T:0,1,1,1,0,0;B:1,4,1,2,1;S:1;O:7,9,10,11,13,18,32,33,36;N:;R:;P1;T:1,3,1,0,0,0;B:0,1,1,1,3;S:0;O:1,4,5,14,25,35;N:;R:26:0:0;
TURN|35
ACTION|buy_visible|1
ACTION|pay|0,0,0,0,0
ENDTURN|35|a4e81e06d37f0c4f|S;2;0;36;0;0;B:3,0,2,3,4,5;M:38,16,20,27,53,43,70,50,82,77,83,84;D0:24,3,6,39,2,28,8,21,22,31,40,37,23,34,17,30,29,19,12;D1:56,67,42,60,55,63,44,64,47,57,58,69,54,51,61,48,41,45,62,59,49,66,52,65,46,68;D2:89,78,87,88,76,81,80,73,74,72,86,85,75,71,90,79;N:2,3,10;P0;T:0,1,1,1,0,0;B:1,4,1,2,1;S:1;O:7,9,10,11,13,18,32,33,36;N:;R:;P1;T:1,3,1,0,0,0;B:0,2,1,1,3;S:0;O:1,4,5,14,15,25,35;N:;R:26:0:0;
TURN|36
ACTION|take|1,0,1,1,0
ENDTURN|36|6c74b2efdb3f2ffd|S;2;1;37;0;0;B:2,0,1,2,4,5;M:38,16,20,27,53,43,70,50,82,77,83,84;D0:24,3,6,39,2,28,8,21,22,31,40,37,23,34,17,30,29,19,12;D1:56,67,42,60,55,63,44,64,47,57,58,69,54,51,61,48,41,45,62,59,49,66,52,65,46,68;D2:89,78,87,88,76,81,80,73,74,72,86,85,75,71,90,79;N:2,3,10;P0;T:1,1,2,2,0,0;B:1,4,1,2,1;S:1;O:7,9,10,11,13,18,32,33,36;N:;R:;P1;T:1,3,1,0,0,0;B:0,2,1,1,3;S:0;O:1,4,5,14,15,25,35;N:;R:26:0:0;
TURN|37
ACTION|buy_reserved|0
ACTION|pay|1,0,0,0,0
ENDTURN|37|17cb44e84257ab58|S;2;0;38;0;0;B:3,0,1,2,4,5;M:38,16,20,27,53,43,70,50,82,77,83,84;D0:24,3,6,39,2,28,8,21,22,31,40,37,23,34,17,30,29,19,12;D1:56,67,42,60,55,63,44,64,47,57,58,69,54,51,61,48,41,45,62,59,49,66,52,65,46,68;D2:89,78,87,88,76,81,80,73,74,72,86,85,75,71,90,79;N:2,3,10;P0;T:1,1,2,2,0,0;B:1,4,1,2,1;S:1;O:7,9,10,11,13,18,32,33,36;N:;R:;P1;T:0,3,1,0,0,0;B:0,2,2,1,3;S:0;O:1,4,5,14,15,25,26,35;N:;R:;
TURN|38
ACTION|buy_visible|0
ACTION|pay|1,0,0,0,0
ENDTURN|38|9d85fc3352166fa2|S;2;1;39;0;0;B:4,0,1,2,4,5;M:12,16,20,27,53,43,70,50,82,77,83,84;D0:24,3,6,39,2,28,8,21,22,31,40,37,23,34,17,30,29,19;D1:56,67,42,60,55,63,44,64,47,57,58,69,54,51,61,48,41,45,62,59,49,66,52,65,46,68;D2:89,78,87,88,76,81,80,73,74,72,86,85,75,71,90,79;N:2,3,10;P0;T:0,1,2,2,0,0;B:1,4,1,3,1;S:1;O:7,9,10,11,13,18,32,33,36,38;N:;R:;P1;T:0,3,1,0,0,0;B:0,2,2,1,3;S:0;O:1,4,5,14,15,25,26,35;N:;R:;
TURN|39
ACTION|buy_visible|0
ACTION|pay|0,0,1,0,0
ENDTURN|39|074fd053b3d94c62|S;2;0;40;0;0;B:4,0,2,2,4,5;M:19,16,20,27,53,43,70,50,82,77,83,84;D0:24,3,6,39,2,28,8,21,22,31,40,37,23,34,17,30,29;D1:56,67,42,60,55,63,44,64,47,57,58,69,54,51,61,48,41,45,62,59,49,66,52,65,46,68;D2:89,78,87,88,76,81,80,73,74,72,86,85,75,71,90,79;N:2,3,10;P0;T:0,1,2,2,0,0;B:1,4,1,3,1;S:1;O:7,9,10,11,13,18,32,33,36,38;N:;R:;P1;T:0,3,0,0,0,0;B:0,3,2,1,3;S:0;O:1,4,5,12,14,15,25,26,35;N:;R:;
TURN|40
ACTION|buy_visible|0
ACTION|pay|0,0,1,0,0
ENDTURN|40|f74d5e538d275fe4|S;2;1;41;0;0;B:4,0,3,2,4,5;M:29,16,20,27,53,43,70,50,82,77,83,84;D0:24,3,6,39,2,28,8,21,22,31,40,37,23,34,17,30;D1:56,67,42,60,55,63,44,64,47,57,58,69,54,51,61,48,41,45,62,59,49,66,52,65,46,68;D2:89,78,87,88,76,81,80,73,74,72,86,85,75,71,90,79;N:2,3,10;P0;T:0,1,1,2,0,0;B:2,4,1,3,1;S:1;O:7,9,10,11,13,18,19,32,33,36,38;N:;R:;P1;T:0,3,0,0,0,0;B:0,3,2,1,3;S:0;O:1,4,5,12,14,15,25,26,35;N:;R:;
TURN|41
ACTION|take|1,0,1,1,0
ENDTURN|41|8254b7c6e3c88682|S;2;0;42;0;0;B:3,0,2,1,4,5;M:29,16,20,27,53,43,70,50,82,77,83,84;D0:24,3,6,39,2,28,8,21,22,31,40,37,23,34,17,30;D1:56,67,42,60,55,63,44,64,47,57,58,69,54,51,61,48,41,45,62,59,49,66,52,65,46,68;D2:89,78,87,88,76,81,80,73,74,72,86,85,75,71,90,79;N:2,3,10;P0;T:0,1,1,2,0,0;B:2,4,1,3,1;S:1;O:7,9,10,11,13,18,19,32,33,36,38;N:;R:;P1;T:1,3,1,1,0,0;B:0,3,2,1,3;S:0;O:1,4,5,12,14,15,25,26,35;N:;R:;
TURN|42
ACTION|buy_visible|0
ACTION|pay|0,0,0,0,0
ENDTURN|42|1f58084b93f9cfe4|S;2;1;43;0;0;B:3,0,2,1,4,5;M:30,16,20,27,53,43,70,50,82,77,83,84;D0:24,3,6,39,2,28,8,21,22,31,40,37,23,34,17;D1:56,67,42,60,55,63,44,64,47,57,58,69,54,51,61,48,41,45,62,59,49,66,52,65,46,68;D2:89,78,87,88,76,81,80,73,74,72,86,85,75,71,90,79;N:2,3,10;P0;T:0,1,1,2,0,0;B:2,4,2,3,1;S:1;O:7,9,10,11,13,18,19,29,32,33,36,38;N:;R:;P1;T:1,3,1,1,0,0;B:0,3,2,1,3;S:0;O:1,4,5,12,14,15,25,26,35;N:;R:;
TURN|43
ACTION|buy_visible|0
ACTION|pay|0,0,0,1,0
ENDTURN|43|4de45fe8703df114|S;2;0;44;0;0;B:3,0,2,2,4,5;M:17,16,20,27,53,43,70,50,82,77,83,84;D0:24,3,6,39,2,28,8,21,22,31,40,37,23,34;D1:56,67,42,60,55,63,44,64,47,57,58,69,54,51,61,48,41,45,62,59,49,66,52,65,46,68;D2:89,78,87,88,76,81,80,73,74,72,86,85,75,71,90,79;N:2,3,10;P0;T:0,1,1,2,0,0;B:2,4,2,3,1;S:1;O:7,9,10,11,13,18,19,29,32,33,36,38;N:;R:;P1;T:1,3,1,0,0,0;B:0,3,3,1,3;S:0;O:1,4,5,12,14,15,25,26,30,35;N:;R:;
TURN|44
ACTION|buy_visible|0
ACTION|pay|0,0,0,0,0
ENDTURN|44|71fe16e1520f039e|S;2;1;45;0;0;B:3,0,2,2,4,5;M:34,16,20,27,53,43,70,50,82,77,83,84;D0:24,3,6,39,2,28,8,21,22,31,40,37,23;D1:56,67,42,60,55,63,44,64,47,57,58,69,54,51,61,48,41,45,62,59,49,66,52,65,46,68;D2:89,78,87,88,76,81,80,73,74,72,86,85,75,71,90,79;N:2,3,10;P0;T:0,1,1,2,0,0;B:3,4,2,3,1;S:1;O:7,9,10,11,13,17,18,19,29,32,33,36,38;N:;R:;P1;T:1,3,1,0,0,0;B:0,3,3,1,3;S:0;O:1,4,5,12,14,15,25,26,30,35;N:;R:;
TURN|45
ACTION|take|1,0,1,1,0
ENDTURN|45|429f69a6e9815d58|S;2;0;46;0;0;B:2,0,1,1,4,5;M:34,16,20,27,53,43,70,50,82,77,83,84;D0:24,3,6,39,2,28,8,21,22,31,40,37,23;D1:56,67,42,60,55,63,44,64,47,57,58,69,54,51,61,48,41,45,62,59,49,66,52,65,46,68;D2:89,78,87,88,76,81,80,73,74,72,86,85,75,71,90,79;N:2,3,10;P0;T:0,1,1,2,0,0;B:3,4,2,3,1;S:1;O:7,9,10,11,13,17,18,19,29,32,33,36,38;N:;R:;P1;T:2,3,2,1,0,0;B:0,3,3,1,3;S:0;O:1,4,5,12,14,15,25,26,30,35;N:;R:;
TURN|46
ACTION|buy_visible|0
ACTION|pay|0,0,0,0,0
ENDTURN|46|b46285bedeab832e|S;2;1;47;0;0;B:2,0,1,1,4,5;M:23,16,20,27,53,43,70,50,82,77,83,84;D0:24,3,6,39,2,28,8,21,22,31,40,37;D1:56,67,42,60,55,63,44,64,47,57,58,69,54,51,61,48,41,45,62,59,49,66,52,65,46,68;D2:89,78,87,88,76,81,80,73,74,72,86,85,75,71,90,79;N:2,3,10;P0;T:0,1,1,2,0,0;B:3,4,2,4,1;S:1;O:7,9,10,11,13,17,18,19,29,32,33,34,36,38;N:;R:;P1;T:2,3,2,1,0,0;B:0,3,3,1,3;S:0;O:1,4,5,12,14,15,25,26,30,35;N:;R:;
TURN|47
ACTION|buy_visible|0
ACTION|pay|0,0,0,0,0
ENDTURN|47|2be28e117ee9fc1e|S;2;0;48;0;0;B:2,0,1,1,4,5;M:37,16,20,27,53,43,70,50,82,77,83,84;D0:24,3,6,39,2,28,8,21,22,31,40;D1:56,67,42,60,55,63,44,64,47,57,58,69,54,51,61,48,41,45,62,59,49,66,52,65,46,68;D2:89,78,87,88,76,81,80,73,74,72,86,85,75,71,90,79;N:2,3,10;P0;T:0,1,1,2,0,0;B:3,4,2,4,1;S:1;O:7,9,10,11,13,17,18,19,29,32,33,34,36,38;N:;R:;P1;T:2,3,2,1,0,0;B:1,3,3,1,3;S:0;O:1,4,5,12,14,15,23,25,26,30,35;N:;R:;
TURN|48
ACTION|buy_visible|0
ACTION|pay|0,0,0,0,0
ENDTURN|48|b665e04330b492b8|S;2;1;49;0;0;B:2,0,1,1,4,5;M:40,16,20,27,53,43,70,50,82,77,83,84;D0:24,3,6,39,2,28,8,21,22,31;D1:56,67,42,60,55,63,44,64,47,57,58,69,54,51,61,48,41,45,62,59,49,66,52,65,46,68;D2:89,78,87,88,76,81,80,73,74,72,86,85,75,71,90,79;N:2,3,10;P0;T:0,1,1,2,0,0;B:3,4,2,5,1;S:1;O:7,9,10,11,13,17,18,19,29,32,33,34,36,37,38;N:;R:;P1;T:2,3,2,1,0,0;B:1,3,3,1,3;S:0;O:1,4,5,12,14,15,23,25,26,30,35;N:;R:;
TURN|49
ACTION|buy_visible|2
ACTION|pay|2,0,0,0,0
ENDTURN|49|bacbd3f0b2bb4402|S;2;0;50;0;0;B:4,0,1,1,4,5;M:40,16,31,27,53,43,70,50,82,77,83,84;D0:24,3,6,39,2,28,8,21,22;D1:56,67,42,60,55,63,44,64,47,57,58,69,54,51,61,48,41,45,62,59,49,66,52,65,46,68;D2:89,78,87,88,76,81,80,73,74,72,86,85,75,71,90,79;N:2,3,10;P0;T:0,1,1,2,0,0;B:3,4,2,5,1;S:1;O:7,9,10,11,13,17,18,19,29,32,33,34,36,37,38;N:;R:;P1;T:0,3,2,1,0,0;B:2,3,3,1,3;S:0;O:1,4,5,12,14,15,20,23,25,26,30,35;N:;R:;
TURN|50
ACTION|buy_visible|1
ACTION|pay|0,0,0,0,0
ENDTURN|50|a0d6244e8bdd8433|S;2;1;51;0;0;B:4,0,1,1,4,5;M:40,22,31,27,53,43,70,50,82,77,83,84;D0:24,3,6,39,2,28,8,21;D1:56,67,42,60,55,63,44,64,47,57,58,69,54,51,61,48,41,45,62,59,49,66,52,65,46,68;D2:89,78,87,88,76,81,80,73,74,72,86,85,75,71,90,79;N:2,3,10;P0;T:0,1,1,2,0,0;B:3,5,2,5,1;S:2;O:7,9,10,11,13,16,17,18,19,29,32,33,34,36,37,38;N:;R:;P1;T:0,3,2,1,0,0;B:2,3,3,1,3;S:0;O:1,4,5,12,14,15,20,23,25,26,30,35;N:;R:;
TURN|51
ACTION|buy_visible|1
ACTION|pay|0,0,0,0,0
ENDTURN|51|67e6311c4ea288d1|S;2;0;52;0;0;B:4,0,1,1,4,5;M:40,21,31,27,53,43,70,50,82,77,83,84;D0:24,3,6,39,2,28,8;D1:56,67,42,60,55,63,44,64,47,57,58,69,54,51,61,48,41,45,62,59,49,66,52,65,46,68;D2:89,78,87,88,76,81,80,73,74,72,86,85,75,71,90,79;N:2,3,10;P0;T:0,1,1,2,0,0;B:3,5,2,5,1;S:2;O:7,9,10,11,13,16,17,18,19,29,32,33,34,36,37,38;N:;R:;P1;T:0,3,2,1,0,0;B:3,3,3,1,3;S:0;O:1,4,5,12,14,15,20,22,23,25,26,30,35;N:;R:;
TURN|52
ACTION|buy_visible|1
ACTION|pay|0,0,0,0,0
ENDTURN|52|de3aea204b1b3053|S;2;1;53;0;0;B:4,0,1,1,4,5;M:40,8,31,27,53,43,70,50,82,77,83,84;D0:24,3,6,39,2,28;D1:56,67,42,60,55,63,44,64,47,57,58,69,54,51,61,48,41,45,62,59,49,66,52,65,46,68;D2:89,78,87,88,76,81,80,73,74,72,86,85,75,71,90,79;N:2,3,10;P0;T:0,1,1,2,0,0;B:4,5,2,5,1;S:2;O:7,9,10,11,13,16,17,18,19,21,29,32,33,34,36,37,38;N:;R:;P1;T:0,3,2,1,0,0;B:3,3,3,1,3;S:0;O:1,4,5,12,14,15,20,22,23,25,26,30,35;N:;R:;
TURN|53
ACTION|buy_visible|1
ACTION|pay|0,1,0,0,0
ENDTURN|53|74f79ba2c8ef9924|S;2;0;54;0;0;B:4,1,1,1,4,5;M:40,28,31,27,53,43,70,50,82,77,83,84;D0:24,3,6,39,2;D1:56,67,42,60,55,63,44,64,47,57,58,69,54,51,61,48,41,45,62,59,49,66,52,65,46,68;D2:89,78,87,88,76,81,80,73,74,72,86,85,75,71,90,79;N:2,3,10;P0;T:0,1,1,2,0,0;B:4,5,2,5,1;S:2;O:7,9,10,11,13,16,17,18,19,21,29,32,33,34,36,37,38;N:;R:;P1;T:0,2,2,1,0,0;B:3,3,3,1,4;S:1;O:1,4,5,8,12,14,15,20,22,23,25,26,30,35;N:;R:;
TURN|54
ACTION|buy_visible|0
ACTION|pay|0,0,0,0,0
ENDTURN|54|ccadbe5c06925fd5|S;2;1;55;0;0;B:4,1,1,1,4,5;M:2,28,31,27,53,43,70,50,82,77,83,84;D0:24,3,6,39;D1:56,67,42,60,55,63,44,64,47,57,58,69,54,51,61,48,41,45,62,59,49,66,52,65,46,68;D2:89,78,87,88,76,81,80,73,74,72,86,85,75,71,90,79;N:2,3,10;P0;T:0,1,1,2,0,0;B:4,5,2,6,1;S:3;O:7,9,10,11,13,16,17,18,19,21,29,32,33,34,36,37,38,40;N:;R:;P1;T:0,2,2,1,0,0;B:3,3,3,1,4;S:1;O:1,4,5,8,12,14,15,20,22,23,25,26,30,35;N:;R:;
TURN|55
ACTION|buy_visible|0
ACTION|pay|0,0,0,0,0
ENDTURN|55|09cfb081edc47f4b|S;2;0;56;0;0;B:4,1,1,1,4,5;M:39,28,31,27,53,43,70,50,82,77,83,84;D0:24,3,6;D1:56,67,42,60,55,63,44,64,47,57,58,69,54,51,61,48,41,45,62,59,49,66,52,65,46,68;D2:89,78,87,88,76,81,80,73,74,72,86,85,75,71,90,79;N:2,3,10;P0;T:0,1,1,2,0,0;B:4,5,2,6,1;S:3;O:7,9,10,11,13,16,17,18,19,21,29,32,33,34,36,37,38,40;N:;R:;P1;T:0,2,2,1,0,0;B:3,3,3,1,5;S:1;O:1,2,4,5,8,12,14,15,20,22,23,25,26,30,35;N:;R:;
TURN|56
ACTION|buy_visible|0
ACTION|pay|0,0,0,0,0
ENDTURN|56|6274bc7d07553d13|S;2;1;57;0;0;B:4,1,1,1,4,5;M:6,28,31,27,53,43,70,50,82,77,83,84;D0:24,3;D1:56,67,42,60,55,63,44,64,47,57,58,69,54,51,61,48,41,45,62,59,49,66,52,65,46,68;D2:89,78,87,88,76,81,80,73,74,72,86,85,75,71,90,79;N:2,3,10;P0;T:0,1,1,2,0,0;B:4,5,2,7,1;S:3;O:7,9,10,11,13,16,17,18,19,21,29,32,33,34,36,37,38,39,40;N:;R:;P1;T:0,2,2,1,0,0;B:3,3,3,1,5;S:1;O:1,2,4,5,8,12,14,15,20,22,23,25,26,30,35;N:;R:;
TURN|57
ACTION|buy_visible|0
ACTION|pay|0,0,0,0,0
ENDTURN|57|ac3ee6cc5c13e079|S;2;0;58;0;0;B:4,1,1,1,4,5;M:3,28,31,27,53,43,70,50,82,77,83,84;D0:24;D1:56,67,42,60,55,63,44,64,47,57,58,69,54,51,61,48,41,45,62,59,49,66,52,65,46,68;D2:89,78,87,88,76,81,80,73,74,72,86,85,75,71,90,79;N:2,3,10;P0;T:0,1,1,2,0,0;B:4,5,2,7,1;S:3;O:7,9,10,11,13,16,17,18,19,21,29,32,33,34,36,37,38,39,40;N:;R:;P1;T:0,2,2,1,0,0;B:3,3,3,1,6;S:1;O:1,2,4,5,6,8,12,14,15,20,22,23,25,26,30,35;N:;R:;
TURN|58
ACTION|buy_visible|0
ACTION|pay|0,0,0,0,0
ENDTURN|58|0fdedf775e932ea5|S;2;1;59;0;0;B:4,1,1,1,4,5;M:24,28,31,27,53,43,70,50,82,77,83,84;D0:;D1:56,67,42,60,55,63,44,64,47,57,58,69,54,51,61,48,41,45,62,59,49,66,52,65,46,68;D2:89,78,87,88,76,81,80,73,74,72,86,85,75,71,90,79;N:2,3,10;P0;T:0,1,1,2,0,0;B:4,5,2,7,2;S:3;O:3,7,9,10,11,13,16,17,18,19,21,29,32,33,34,36,37,38,39,40;N:;R:;P1;T:0,2,2,1,0,0;B:3,3,3,1,6;S:1;O:1,2,4,5,6,8,12,14,15,20,22,23,25,26,30,35;N:;R:;
TURN|59
ACTION|buy_visible|0
ACTION|pay|0,0,1,0,0
ENDTURN|59|0238d76e5ff8aad0|S;2;0;60;0;0;B:4,1,2,1,4,5;M:0,28,31,27,53,43,70,50,82,77,83,84;D0:;D1:56,67,42,60,55,63,44,64,47,57,58,69,54,51,61,48,41,45,62,59,49,66,52,65,46,68;D2:89,78,87,88,76,81,80,73,74,72,86,85,75,71,90,79;N:2,3,10;P0;T:0,1,1,2,0,0;B:4,5,2,7,2;S:3;O:3,7,9,10,11,13,16,17,18,19,21,29,32,33,34,36,37,38,39,40;N:;R:;P1;T:0,2,1,1,0,0;B:4,3,3,1,6;S:2;O:1,2,4,5,6,8,12,14,15,20,22,23,24,25,26,30,35;N:;R:;
TURN|60
ACTION|buy_visible|1
ACTION|pay|0,0,0,0,0
ENDTURN|60|c286bb59d45d7c0c|S;2;1;61;0;0;B:4,1,2,1,4,5;M:0,0,31,27,53,43,70,50,82,77,83,84;D0:;D1:56,67,42,60,55,63,44,64,47,57,58,69,54,51,61,48,41,45,62,59,49,66,52,65,46,68;D2:89,78,87,88,76,81,80,73,74,72,86,85,75,71,90,79;N:2,3,10;P0;T:0,1,1,2,0,0;B:4,5,3,7,2;S:3;O:3,7,9,10,11,13,16,17,18,19,21,28,29,32,33,34,36,37,38,39,40;N:;R:;P1;T:0,2,1,1,0,0;B:4,3,3,1,6;S:2;O:1,2,4,5,6,8,12,14,15,20,22,23,24,25,26,30,35;N:;R:;
TURN|61
ACTION|buy_visible|3
ACTION|pay|0,0,0,1,0
ENDTURN|61|9f58743190dc4f88|S;2;0;62;0;0;B:4,1,2,2,4,5;M:0,0,31,0,53,43,70,50,82,77,83,84;D0:;D1:56,67,42,60,55,63,44,64,47,57,58,69,54,51,61,48,41,45,62,59,49,66,52,65,46,68;D2:89,78,87,88,76,81,80,73,74,72,86,85,75,71,90,79;N:2,3,10;P0;T:0,1,1,2,0,0;B:4,5,3,7,2;S:3;O:3,7,9,10,11,13,16,17,18,19,21,28,29,32,33,34,36,37,38,39,40;N:;R:;P1;T:0,2,1,0,0,0;B:4,3,4,1,6;S:2;O:1,2,4,5,6,8,12,14,15,20,22,23,24,25,26,27,30,35;N:;R:;
TURN|62
ACTION|buy_visible|2
ACTION|pay|0,0,0,0,0
ENDTURN|62|ea43a58ec8af866b|S;2;1;63;0;0;B:4,1,2,2,4,5;M:0,0,0,0,53,43,70,50,82,77,83,84;D0:;D1:56,67,42,60,55,63,44,64,47,57,58,69,54,51,61,48,41,45,62,59,49,66,52,65,46,68;D2:89,78,87,88,76,81,80,73,74,72,86,85,75,71,90,79;N:2,3;P0;T:0,1,1,2,0,0;B:4,5,4,7,2;S:6;O:3,7,9,10,11,13,16,17,18,19,21,28,29,31,32,33,34,36,37,38,39,40;N:10;R:;P1;T:0,2,1,0,0,0;B:4,3,4,1,6;S:2;O:1,2,4,5,6,8,12,14,15,20,22,23,24,25,26,27,30,35;N:;R:;
TURN|63
ACTION|buy_visible|7
ACTION|pay|0,0,0,0,0
ENDTURN|63|751478e2daa686f7|S;2;0;64;0;0;B:4,1,2,2,4,5;M:0,0,0,0,53,43,70,68,82,77,83,84;D0:;D1:56,67,42,60,55,63,44,64,47,57,58,69,54,51,61,48,41,45,62,59,49,66,52,65,46;D2:89,78,87,88,76,81,80,73,74,72,86,85,75,71,90,79;N:2,3;P0;T:0,1,1,2,0,0;B:4,5,4,7,2;S:6;O:3,7,9,10,11,13,16,17,18,19,21,28,29,31,32,33,34,36,37,38,39,40;N:10;R:;P1;T:0,2,1,0,0,0;B:4,4,4,1,6;S:4;O:1,2,4,5,6,8,12,14,15,20,22,23,24,25,26,27,30,35,50;N:;R:;
TURN|64
ACTION|buy_visible|4
ACTION|pay|0,0,0,0,0
ENDTURN|64|a34ec3a7e594543c|S;2;1;65;0;0;B:4,1,2,2,4,5;M:0,0,0,0,46,43,70,68,82,77,83,84;D0:;D1:56,67,42,60,55,63,44,64,47,57,58,69,54,51,61,48,41,45,62,59,49,66,52,65;D2:89,78,87,88,76,81,80,73,74,72,86,85,75,71,90,79;N:2,3;P0;T:0,1,1,2,0,0;B:5,5,4,7,2;S:7;O:3,7,9,10,11,13,16,17,18,19,21,28,29,31,32,33,34,36,37,38,39,40,53;N:10;R:;P1;T:0,2,1,0,0,0;B:4,4,4,1,6;S:4;O:1,2,4,5,6,8,12,14,15,20,22,23,24,25,26,27,30,35,50;N:;R:;
TURN|65
ACTION|buy_visible|4
ACTION|pay|0,0,0,0,0
ENDTURN|65|2f5a30e3ca5a99a1|S;2;0;66;0;0;B:4,1,2,2,4,5;M:0,0,0,0,65,43,70,68,82,77,83,84;D0:;D1:56,67,42,60,55,63,44,64,47,57,58,69,54,51,61,48,41,45,62,59,49,66,52;D2:89,78,87,88,76,81,80,73,74,72,86,85,75,71,90,79;N:2,3;P0;T:0,1,1,2,0,0;B:5,5,4,7,2;S:7;O:3,7,9,10,11,13,16,17,18,19,21,28,29,31,32,33,34,36,37,38,39,40,53;N:10;R:;P1;T:0,2,1,0,0,0;B:4,4,4,1,7;S:7;O:1,2,4,5,6,8,12,14,15,20,22,23,24,25,26,27,30,35,46,50;N:;R:;
TURN|66
ACTION|buy_visible|5
ACTION|pay|0,0,0,0,0
ACTION|noble|7
ENDTURN|66|50b8eb2246a6b98e|S;2;1;67;0;0;B:4,1,2,2,4,5;M:0,0,0,0,65,52,70,68,82,77,83,84;D0:;D1:56,67,42,60,55,63,44,64,47,57,58,69,54,51,61,48,41,45,62,59,49,66;D2:89,78,87,88,76,81,80,73,74,72,86,85,75,71,90,79;N:3;P0;T:0,1,1,2,0,0;B:5,5,4,7,3;S:12;O:3,7,9,10,11,13,16,17,18,19,21,28,29,31,32,33,34,36,37,38,39,40,43,53;N:2,10;R:;P1;T:0,2,1,0,0,0;B:4,4,4,1,7;S:7;O:1,2,4,5,6,8,12,14,15,20,22,23,24,25,26,27,30,35,46,50;N:;R:;
TURN|67
ACTION|buy_visible|5
ACTION|pay|0,2,0,0,0
ENDTURN|67|2fb5c8b1f5edd33f|S;2;0;68;0;0;B:4,3,2,2,4,5;M:0,0,0,0,65,66,70,68,82,77,83,84;D0:;D1:56,67,42,60,55,63,44,64,47,57,58,69,54,51,61,48,41,45,62,59,49;D2:89,78,87,88,76,81,80,73,74,72,86,85,75,71,90,79;N:3;P0;T:0,1,1,2,0,0;B:5,5,4,7,3;S:12;O:3,7,9,10,11,13,16,17,18,19,21,28,29,31,32,33,34,36,37,38,39,40,43,53;N:2,10;R:;P1;T:0,0,1,0,0,0;B:4,5,4,1,7;S:10;O:1,2,4,5,6,8,12,14,15,20,22,23,24,25,26,27,30,35,46,50,52;N:;R:;
TURN|68
ACTION|buy_visible|4
ACTION|pay|0,0,0,0,0
ENDTURN|68|ad347cac7c82b898|S;2;1;69;1;0;B:4,3,2,2,4,5;M:0,0,0,0,49,66,70,68,82,77,83,84;D0:;D1:56,67,42,60,55,63,44,64,47,57,58,69,54,51,61,48,41,45,62,59;D2:89,78,87,88,76,81,80,73,74,72,86,85,75,71,90,79;N:;P0;T:0,1,1,2,0,0;B:5,5,4,8,3;S:16;O:3,7,9,10,11,13,16,17,18,19,21,28,29,31,32,33,34,36,37,38,39,40,43,53,65;N:2,3,10;R:;P1;T:0,0,1,0,0,0;B:4,5,4,1,7;S:10;O:1,2,4,5,6,8,12,14,15,20,22,23,24,25,26,27,30,35,46,50,52;N:;R:;
TURN|69
ACTION|buy_visible|7
ACTION|pay|0,0,0,0,0
ENDTURN|69|648c6b5eab57d0be|S;2;0;70;1;4;B:4,3,2,2,4,5;M:0,0,0,0,49,66,70,59,82,77,83,84;D0:;D1:56,67,42,60,55,63,44,64,47,57,58,69,54,51,61,48,41,45,62;D2:89,78,87,88,76,81,80,73,74,72,86,85,75,71,90,79;N:;P0;T:0,1,1,2,0,0;B:5,5,4,8,3;S:16;O:3,7,9,10,11,13,16,17,18,19,21,28,29,31,32,33,34,36,37,38,39,40,43,53,65;N:2,3,10;R:;P1;T:0,0,1,0,0,0;B:4,5,4,2,7;S:12;O:1,2,4,5,6,8,12,14,15,20,22,23,24,25,26,27,30,35,46,50,52,68;N:;R:;
END|complete|70|648c6b5eab57d0be|S;2;0;70;1;4;B:4,3,2,2,4,5;M:0,0,0,0,49,66,70,59,82,77,83,84;D0:;D1:56,67,42,60,55,63,44,64,47,57,58,69,54,51,61,48,41,45,62;D2:89,78,87,88,76,81,80,73,74,72,86,85,75,71,90,79;N:;P0;T:0,1,1,2,0,0;B:5,5,4,8,3;S:16;O:3,7,9,10,11,13,16,17,18,19,21,28,29,31,32,33,34,36,37,38,39,40,43,53,65;N:2,3,10;R:;P1;T:0,0,1,0,0,0;B:4,5,4,2,7;S:12;O:1,2,4,5,6,8,12,14,15,20,22,23,24,25,26,27,30,35,46,50,52,68;N:;R:;
